	MG1655-1	HEXA4-10_1	HEXA7-2_1	ompR-1	proQ-1	ompC-1	ompR_proQ-1	ompR_ompC-1	MG1655-2	HEXA4-10_2	HEXA7-2_2	ompR-2	proQ-2	ompC-2	ompR_proQ-2	ompR_ompC-2	MG1655-3	HEXA4-10_3	HEXA7-2_3	ompR-3	proQ-3	ompC-3	ompR_proQ-3	ompR_ompC-3	proQ_ompC-1	ompR_proQ_ompC-1	MG1655-1dup	IBUA8-3_1	phoU-1	cheR-1	rph-1	proQ_ompC-2	ompR_proQ_ompC-2	MG1655-2dup	IBUA8-3_2	phoU-2	cheR-2	rph-2	proQ_ompC-3	ompR_proQ_ompC-3	MG1655-3dup	IBUA8-3_3	phoU-3	cheR-3	rph-3
0.0051	0.03	0.0	0.0	0.0	0.0	0.0	0.0	0.077	0.0	0.0	0.0	0.0	0.0	0.0	0.0	0.0	0.0	0.0	0.0	0.0	0.0	0.0	0.0	0.0	0.0	0.0	0.0	0.0	0.0	0.0	0.0	0.0	0.0	0.0	0.0	0.0	0.0	0.0	0.0	0.0	0.0	0.173	0.0	0.0	0.0
0.17173	0.0	0.165	0.103	0.163	0.093	0.202	0.227	0.0	0.296	0.302	0.372	0.302	0.304	0.112	0.21	0.215	0.486	0.294	0.323	0.312	0.17	0.307	0.117	0.293	0.289	0.352	0.245	0.365	0.551	0.226	0.39	0.209	0.24	0.282	0.361	0.45	0.386	0.256	0.193	0.256	0.377	0.336	0.39	0.292	0.324
0.33845	0.004	0.334	0.369	0.264	0.062	0.336	0.196	0.101	0.432	0.337	0.473	0.304	0.207	0.213	0.311	0.382	0.49	0.33	0.26	0.182	0.337	0.408	0.119	0.395	0.523	0.222	0.346	0.435	0.555	0.394	0.393	0.279	0.31	0.416	0.53	0.452	0.587	0.457	0.197	0.226	0.445	0.306	0.228	0.295	0.228
0.5051	0.029	0.523	0.238	0.267	0.165	0.206	0.2	0.065	0.391	0.371	0.472	0.173	0.372	0.113	0.277	0.281	0.54	0.29	0.32	0.279	0.305	0.539	0.248	0.388	0.352	0.284	0.377	0.327	0.671	0.387	0.452	0.432	0.266	0.479	0.489	0.58	0.548	0.517	0.247	0.286	0.41	0.365	0.354	0.289	0.189
0.67173	0.019	0.382	0.33	0.326	0.225	0.297	0.358	0.155	0.25	0.396	0.431	0.199	0.529	0.303	0.434	0.338	0.595	0.478	0.377	0.435	0.363	0.564	0.174	0.379	0.442	0.407	0.468	0.284	0.66	0.444	0.509	0.257	0.388	0.536	0.414	0.571	0.473	0.606	0.203	0.212	0.435	0.356	0.345	0.411	0.213
0.83848	0.081	0.674	0.352	0.281	0.245	0.253	0.279	0.378	0.41	0.419	0.455	0.32	0.486	0.228	0.326	0.462	0.365	0.407	0.502	0.361	0.518	0.456	0.265	0.406	0.403	0.301	0.492	0.412	0.792	0.504	0.47	0.354	0.22	0.561	0.508	0.597	0.5	0.535	0.368	0.238	0.459	0.383	0.306	0.372	0.339
1.00506	0.065	0.658	0.504	0.269	0.266	0.241	0.301	0.364	0.361	0.505	0.541	0.176	0.473	0.412	0.346	0.382	0.61	0.392	0.487	0.282	0.406	0.64	0.383	0.555	0.585	0.386	0.512	0.396	0.51	0.555	0.587	0.468	0.401	0.448	0.426	0.582	0.682	0.52	0.25	0.322	0.413	0.302	0.455	0.423	0.192
1.17179	0.239	0.667	0.578	0.243	0.339	0.347	0.308	0.076	0.469	0.578	0.483	0.315	0.547	0.222	0.354	0.555	0.522	0.566	0.398	0.455	0.513	0.483	0.391	0.499	0.496	0.427	0.586	0.406	0.818	0.465	0.464	0.446	0.378	0.655	0.534	0.69	0.593	0.693	0.262	0.298	0.553	0.278	0.365	0.366	0.135
1.33845	0.16	0.72	0.436	0.333	0.396	0.304	0.463	0.164	0.457	0.601	0.472	0.404	0.668	0.212	0.343	0.379	0.54	0.751	0.485	0.444	0.502	0.374	0.446	0.684	0.55	0.317	0.607	0.327	0.77	0.65	0.584	0.366	0.463	0.479	0.39	0.777	0.647	0.418	0.313	0.418	0.41	0.299	0.386	0.289	0.123
1.50515	0.38	0.776	0.585	0.283	0.478	0.354	0.38	0.118	0.479	0.751	0.556	0.289	0.588	0.329	0.526	0.3	0.566	0.773	0.538	0.463	0.487	0.656	0.301	0.475	0.505	0.502	0.429	0.349	0.796	0.408	0.407	0.39	0.52	0.564	0.412	0.633	0.602	0.505	0.372	0.439	0.561	0.221	0.374	0.474	0.144
1.67181	0.189	0.98	0.524	0.453	0.515	0.359	0.385	0.222	0.419	0.822	0.463	0.294	0.56	0.368	0.532	0.503	0.673	0.878	0.544	0.369	0.624	0.596	0.372	0.58	0.478	0.739	0.599	0.422	0.936	0.48	0.512	0.496	0.527	0.603	0.451	0.804	0.608	0.544	0.347	0.544	0.467	0.293	0.381	0.381	0.15
1.83858	0.189	0.947	0.623	0.387	0.515	0.326	0.418	0.222	0.584	0.822	0.76	0.327	0.692	0.302	0.532	0.371	0.64	0.911	0.643	0.402	0.591	0.662	0.57	0.712	0.609	0.607	0.533	0.158	0.738	0.579	0.479	0.562	0.494	0.603	0.319	0.837	0.575	0.609	0.38	0.544	0.467	0.194	0.315	0.447	0.15
2.00531	0.278	1.135	0.517	0.347	0.409	0.418	0.51	0.378	0.508	0.814	0.554	0.32	0.75	0.294	0.425	0.396	0.727	0.868	0.634	0.592	0.616	0.654	0.463	0.67	0.666	0.598	0.492	0.313	0.727	0.603	0.635	0.486	0.583	0.66	0.343	0.63	0.599	0.502	0.368	0.535	0.459	0.218	0.404	0.471	0.207
2.17188	0.245	1.135	0.583	0.38	0.673	0.418	0.378	0.214	0.574	0.913	0.686	0.287	0.684	0.327	0.524	0.495	0.628	1.0	0.502	0.493	0.814	0.489	0.397	0.703	0.6	0.796	0.624	0.214	0.792	0.57	0.47	0.486	0.682	0.561	0.409	0.729	0.599	0.6	0.467	0.666	0.525	0.185	0.503	0.537	0.207
2.3386	0.239	1.129	0.676	0.474	0.504	0.446	0.505	0.373	0.601	1.039	0.581	0.447	0.745	0.354	0.716	0.358	0.654	0.994	0.694	0.488	0.809	0.549	0.49	0.663	0.66	0.79	0.586	0.307	0.884	0.564	0.695	0.643	0.773	0.688	0.337	0.888	0.56	0.594	0.459	0.693	0.651	0.081	0.497	0.531	0.3
2.50531	0.245	1.168	0.681	0.479	0.673	0.517	0.279	0.378	0.508	1.144	0.587	0.518	0.75	0.458	0.622	0.462	0.661	1.099	0.733	0.559	0.781	0.555	0.463	0.703	0.666	0.73	0.525	0.346	0.825	0.57	0.503	0.584	0.813	0.693	0.211	0.927	0.665	0.502	0.533	0.798	0.558	0.087	0.503	0.537	0.207
2.67197	0.248	1.237	0.684	0.448	0.609	0.322	0.315	0.414	0.577	1.146	0.556	0.421	0.785	0.296	0.625	0.465	0.665	1.069	0.703	0.694	0.718	0.59	0.465	0.673	0.768	0.733	0.495	0.119	0.829	0.606	0.539	0.588	0.817	0.663	0.346	0.798	0.7	0.636	0.438	0.801	0.627	0.122	0.506	0.474	0.111
2.83867	0.291	1.445	0.692	0.554	0.682	0.461	0.486	0.291	0.389	1.253	0.597	0.429	0.76	0.436	0.732	0.506	0.776	1.475	0.811	0.504	1.022	0.565	0.606	0.781	0.81	0.841	0.437	0.227	0.742	0.582	0.614	0.664	0.827	0.573	0.256	0.84	0.578	0.547	0.548	1.008	0.536	0.0	0.614	0.45	0.153
3.00534	0.173	1.655	0.709	0.54	0.8	0.545	0.571	0.471	0.568	1.5	0.647	0.447	0.876	0.354	0.65	0.555	0.818	1.521	0.793	0.685	0.776	0.681	0.49	0.894	0.792	0.823	0.619	0.109	0.884	0.663	0.629	0.676	0.905	0.589	0.435	0.822	0.659	0.496	0.459	0.99	0.454	0.212	0.596	0.531	0.135
3.1719	0.239	1.754	0.775	0.54	0.701	0.314	0.571	0.406	0.601	1.698	0.779	0.545	0.975	0.321	0.65	0.555	0.654	1.685	0.925	0.652	0.908	0.483	0.589	0.795	0.693	0.888	0.586	0.241	0.818	0.597	0.497	0.742	1.103	0.688	0.238	0.986	0.757	0.594	0.525	1.056	0.553	0.212	0.398	0.432	0.135
3.33872	0.16	2.234	0.699	0.826	0.889	0.436	0.661	0.46	0.588	1.983	0.637	0.535	0.866	0.343	0.836	0.577	0.54	1.968	0.715	0.74	0.963	0.572	0.643	0.881	0.78	0.975	0.476	0.294	0.901	0.486	0.485	0.761	0.99	0.577	0.423	0.81	0.745	0.582	0.51	0.944	0.64	0.266	0.584	0.42	0.123
3.50535	0.433	2.376	0.904	0.636	0.798	0.641	0.668	0.403	0.565	2.255	0.645	0.51	1.071	0.417	0.746	0.618	0.65	2.275	0.79	0.682	0.806	0.645	0.783	0.957	0.756	1.116	0.682	0.337	0.814	0.66	0.593	0.837	1.066	0.75	0.597	0.885	0.688	0.493	0.62	1.184	0.451	0.473	0.659	0.528	0.198
3.67207	0.309	2.84	0.851	0.617	0.845	0.621	0.78	0.38	0.375	2.79	0.821	0.49	0.918	0.527	0.921	0.596	0.784	2.739	0.798	0.726	0.95	0.723	0.826	0.931	0.929	0.993	0.659	0.18	0.784	0.536	0.503	0.711	1.137	0.629	0.605	0.894	0.632	0.666	0.589	1.126	0.495	0.645	0.667	0.635	0.109
3.83881	0.334	3.397	0.904	0.669	0.798	0.542	0.898	0.732	0.664	3.308	0.743	0.74	0.939	0.417	1.009	0.552	0.716	3.196	0.922	0.781	1.004	0.678	1.08	0.957	0.855	1.116	0.583	0.337	0.88	0.66	0.593	0.772	1.363	0.652	0.696	1.016	0.656	0.69	0.653	1.283	0.649	0.703	0.659	0.627	0.297
4.00549	0.315	4.163	0.856	0.655	0.784	0.692	0.884	0.517	0.579	3.749	0.727	0.692	1.022	0.533	1.19	0.568	0.726	3.733	1.002	0.764	1.054	0.662	1.029	0.97	0.935	1.065	0.665	0.317	0.89	0.674	0.509	0.751	1.177	0.733	0.775	0.801	0.572	0.573	0.597	1.33	0.435	0.75	0.575	0.608	0.18
4.1722	0.437	4.906	1.045	0.812	0.974	0.618	1.172	0.607	0.668	4.331	1.015	0.619	1.047	0.525	1.083	0.691	0.715	4.543	0.959	0.854	1.079	0.851	1.02	0.961	0.926	1.056	0.591	0.505	0.846	0.632	0.565	0.904	1.264	0.659	0.897	0.956	0.727	0.597	0.684	1.452	0.591	0.872	0.73	0.599	0.171
4.33876	0.506	5.699	0.982	0.748	0.976	0.686	1.306	0.61	0.638	5.419	0.821	0.72	1.148	0.527	1.184	0.891	1.014	5.533	0.897	1.021	1.048	0.657	1.155	0.865	0.765	1.289	0.462	0.508	0.784	0.733	0.568	0.809	1.367	0.629	0.999	0.795	0.927	0.567	0.622	1.521	0.594	1.04	0.733	0.504	0.109
4.50545	0.66	6.704	1.073	0.741	0.936	0.777	1.496	0.568	0.661	6.13	0.812	0.679	1.041	0.618	1.504	0.751	1.101	6.144	1.085	0.816	1.073	0.747	1.31	0.922	0.952	1.246	0.782	0.597	0.871	0.658	0.592	0.733	1.356	0.653	1.055	0.852	0.754	0.657	0.676	1.544	0.52	0.964	0.559	0.527	0.1
4.67214	0.421	7.313	0.934	0.832	0.962	0.704	1.488	0.658	0.816	7.234	0.804	0.573	1.033	0.708	1.495	0.743	1.057	7.016	1.075	0.807	1.131	0.739	1.53	0.945	0.91	1.27	0.544	0.751	0.761	0.649	0.452	0.788	1.411	0.612	1.176	0.777	0.712	0.549	0.697	1.534	0.511	1.184	0.616	0.584	0.058
4.83881	0.519	8.626	1.163	0.865	0.863	0.868	1.586	0.691	0.947	8.055	0.936	0.77	1.23	0.675	1.528	0.743	1.057	8.723	1.206	0.906	1.065	0.838	1.629	1.01	1.042	1.27	0.676	0.85	0.761	0.649	0.583	0.919	1.411	0.644	1.439	0.843	0.647	0.746	0.796	1.633	0.61	1.48	0.747	0.682	0.288
5.00554	0.615	9.867	1.062	0.928	1.123	0.866	1.781	0.852	0.911	9.231	0.834	0.767	1.031	0.705	1.624	0.937	0.954	9.374	1.17	0.936	1.161	0.835	1.724	1.007	1.006	1.365	0.673	0.879	0.823	0.548	0.58	0.916	1.505	0.707	1.468	0.774	0.644	0.743	0.694	1.793	0.607	1.476	0.613	0.515	0.285
5.17226	0.66	10.94	1.171	0.938	1.166	1.04	1.725	0.7	1.022	10.498	1.108	0.909	1.173	0.913	1.8	0.883	1.167	10.905	1.117	0.914	1.27	0.911	1.835	1.02	1.051	1.444	0.585	0.958	0.772	0.56	0.559	0.996	1.618	0.752	1.744	0.753	0.951	0.69	0.873	1.938	0.618	1.621	0.461	0.691	0.264
5.33889	0.67	12.074	1.278	0.88	0.976	1.048	1.93	0.807	0.967	11.268	1.018	0.785	1.247	0.823	1.809	0.793	1.113	11.415	1.225	1.021	1.246	0.953	2.042	1.03	1.126	1.552	0.659	1.067	0.784	0.569	0.568	1.006	1.794	0.727	1.557	0.795	0.665	0.502	0.885	2.046	0.594	1.828	0.667	0.602	0.207
5.50559	0.743	12.645	1.316	0.885	1.145	1.25	2.034	0.681	1.137	12.626	1.056	0.824	1.186	1.124	1.946	0.963	1.285	12.38	1.429	1.027	1.152	1.122	2.18	1.168	1.231	1.591	0.665	1.172	0.693	0.542	0.673	1.145	1.9	0.766	1.86	0.768	0.769	0.508	0.959	1.954	0.599	1.901	0.575	0.641	0.18
5.67232	0.841	13.962	1.289	0.86	1.055	1.322	2.204	0.849	1.137	13.753	1.127	0.798	1.028	1.063	1.981	0.934	1.475	13.075	1.364	0.999	1.224	1.127	2.344	1.201	1.134	1.657	0.473	1.335	0.819	0.709	0.675	1.076	1.961	0.606	2.088	0.87	0.706	0.576	0.952	2.282	0.604	2.063	0.61	0.512	0.249
5.83887	0.966	14.802	1.376	1.044	1.14	1.409	2.456	0.906	1.262	14.127	1.149	0.884	1.05	1.086	2.137	0.957	1.376	14.504	1.39	0.923	1.18	1.38	2.469	1.063	1.225	1.782	0.659	1.363	0.685	0.668	0.601	1.105	1.925	0.76	2.149	0.861	0.73	0.699	1.049	2.408	0.594	2.124	0.569	0.635	0.207
6.00561	1.071	16.656	1.382	1.082	1.079	1.546	2.56	0.681	1.368	16.046	1.122	0.824	1.252	1.223	2.373	0.798	1.318	16.325	1.528	1.06	1.185	1.254	2.574	1.168	1.362	1.854	0.599	1.567	0.791	0.674	0.509	1.342	2.13	0.634	2.255	0.768	0.671	0.672	1.057	2.678	0.632	2.427	0.772	0.707	0.279
6.17235	1.039	16.59	1.48	1.148	1.047	1.678	2.856	1.109	1.401	16.572	1.155	0.824	1.449	1.355	2.341	0.864	1.482	16.654	1.593	1.225	1.284	1.451	2.673	1.135	1.362	1.854	0.599	1.567	0.758	0.674	0.575	1.309	2.327	0.667	2.419	0.801	0.736	0.606	1.09	2.711	0.632	2.591	0.64	0.707	0.213
6.33898	1.022	17.113	1.467	1.069	1.133	1.631	2.94	0.897	1.384	16.244	1.042	0.909	1.238	1.406	2.456	0.883	1.758	15.732	1.676	1.046	1.238	1.47	2.656	1.25	1.347	2.035	0.585	1.582	0.838	0.527	0.461	1.324	2.21	0.719	2.5	0.786	0.721	0.591	1.235	2.792	0.717	2.672	0.527	0.527	0.297
6.5057	1.219	17.573	1.565	1.135	1.363	1.598	3.072	0.864	1.548	17.032	1.141	0.975	1.337	1.636	2.752	0.981	1.495	16.586	1.708	1.144	1.238	1.535	3.083	1.217	1.412	2.035	0.651	1.746	0.641	0.56	0.559	1.423	2.374	0.719	2.631	0.655	0.656	0.591	1.169	2.956	0.618	2.869	0.527	0.527	0.166
6.6723	1.392	17.162	1.644	1.052	1.051	1.94	3.346	0.974	1.622	18.364	1.22	0.989	1.219	1.582	2.697	0.928	1.566	18.439	1.685	1.026	1.317	1.548	3.223	1.457	1.423	2.208	0.468	1.82	1.008	0.702	0.472	1.364	2.445	0.633	2.606	0.733	0.799	0.538	1.239	2.931	0.5	3.138	0.505	0.67	0.243
6.83898	1.498	17.635	1.658	1.133	1.099	1.822	3.522	1.051	1.435	18.545	1.2	1.036	1.135	1.79	3.002	0.908	1.538	17.078	1.761	1.071	1.102	1.691	3.428	1.303	1.368	2.283	0.613	1.991	0.687	0.583	0.517	1.437	2.647	0.613	2.94	0.712	0.712	0.517	1.277	3.102	0.58	3.472	0.583	0.681	0.125
7.00567	1.533	17.708	1.653	1.224	1.255	2.112	3.946	0.95	1.665	17.531	1.294	1.063	1.227	1.689	3.264	0.97	1.939	18.002	1.958	1.231	1.358	1.655	3.758	1.303	1.629	2.35	0.574	2.027	0.659	0.712	0.482	1.67	2.785	0.543	3.207	0.742	0.709	0.546	1.35	3.335	0.673	3.838	0.449	0.581	0.383
7.17242	1.675	17.467	1.76	1.165	1.262	2.154	4.087	0.959	1.774	18.306	1.368	1.103	1.367	1.83	3.274	1.077	1.787	17.63	2.001	1.338	1.432	2.025	3.933	1.312	1.639	2.622	0.583	2.334	0.736	0.623	0.491	1.616	2.797	0.552	3.579	0.685	0.817	0.588	1.46	3.477	0.615	4.211	0.556	0.623	0.195
7.33905	1.689	17.332	1.869	1.274	1.173	2.33	4.461	1.07	1.985	17.643	1.445	1.114	1.181	1.907	3.452	1.154	1.901	17.757	2.113	1.317	1.377	1.873	4.276	1.358	1.619	2.57	0.561	2.25	0.685	0.668	0.503	1.927	3.075	0.727	3.825	0.697	0.632	0.6	1.477	3.657	0.626	4.359	0.47	0.602	0.306
7.50589	1.836	18.148	1.764	1.304	1.336	2.289	4.579	1.028	1.74	17.223	1.602	1.175	1.339	2.258	3.634	1.048	2.041	17.329	2.131	1.276	1.536	2.028	4.519	1.411	1.967	2.719	0.523	2.526	0.6	0.723	0.46	1.841	3.347	0.622	4.032	0.656	0.721	0.657	1.584	3.801	0.588	4.696	0.493	0.658	0.232
7.67237	1.828	17.38	1.948	1.355	1.255	2.67	5.422	1.18	2.026	17.4	1.556	1.292	1.424	2.214	4.051	1.134	2.07	18.1	2.286	1.428	1.358	2.311	4.775	1.401	1.892	3.039	0.542	2.848	0.757	0.646	0.547	1.966	3.277	0.707	4.257	0.676	0.644	0.645	1.612	3.893	0.509	5.085	0.449	0.581	0.252
7.83904	2.306	17.089	1.937	1.41	1.376	2.822	5.146	1.266	2.111	17.57	1.446	1.249	1.446	2.595	4.365	1.22	2.25	16.465	2.272	1.416	1.511	2.201	5.055	1.388	1.878	3.123	0.531	3.127	0.644	0.634	0.469	1.983	3.556	0.63	4.765	0.73	0.697	0.567	1.792	4.009	0.563	5.724	0.699	0.601	0.175
8.00581	2.135	16.22	1.858	1.461	1.295	2.942	5.498	1.123	2.365	17.026	1.663	1.268	1.367	2.453	4.489	1.241	2.542	17.301	2.46	1.437	1.563	2.419	5.542	1.476	2.098	3.049	0.484	3.22	0.572	0.754	0.655	1.977	3.683	0.716	5.057	0.75	0.718	0.555	1.854	4.331	0.615	6.05	0.556	0.688	0.163
8.17245	2.226	17.125	1.984	1.554	1.487	3.198	5.59	1.216	2.325	17.899	1.723	1.262	1.361	2.513	4.58	1.268	2.336	16.565	2.486	1.431	1.755	2.347	5.665	1.568	2.19	3.501	0.479	3.245	0.63	0.748	0.583	2.199	3.872	0.743	5.245	0.646	0.647	0.582	1.912	4.29	0.511	6.992	0.55	0.682	0.255
8.33919	2.423	16.731	2.082	1.456	1.487	3.296	6.41	1.216	2.424	17.899	1.658	1.295	1.558	2.808	5.171	1.235	2.533	16.664	2.749	1.562	1.525	2.511	5.96	1.568	2.19	3.337	0.479	3.606	0.761	0.715	0.583	2.199	3.937	0.513	5.869	0.679	0.712	0.582	2.01	4.487	0.577	7.189	0.419	0.617	0.19
8.5058	2.32	16.297	2.145	1.453	1.451	3.26	6.669	1.278	2.551	18.384	1.753	1.391	1.523	2.805	5.265	1.363	2.529	16.69	2.581	1.559	1.555	2.836	6.481	1.467	1.99	3.695	0.542	3.93	0.626	0.712	0.416	2.392	4.064	0.609	5.963	0.742	0.742	0.579	2.137	4.483	0.706	7.972	0.515	0.581	0.187
8.67256	2.681	17.183	1.981	1.617	1.55	3.49	6.636	1.41	2.551	17.006	1.753	1.358	1.359	3.002	5.593	1.462	2.66	17.149	2.745	1.559	1.719	2.967	6.678	1.532	2.318	3.793	0.542	4.553	0.659	0.548	0.482	2.458	4.36	0.838	6.848	0.676	0.939	0.579	2.203	5.107	0.673	8.267	0.515	0.679	0.187
8.83915	2.747	16.921	2.178	1.683	1.747	3.687	7.161	1.377	2.879	18.089	1.819	1.489	1.523	3.297	6.184	1.363	2.759	16.854	2.876	1.625	1.555	2.934	6.94	1.729	2.482	3.727	0.739	4.619	0.725	0.646	0.482	2.655	4.819	0.74	7.505	0.742	0.709	0.678	2.465	5.008	0.574	8.497	0.547	0.778	0.187
9.00591	2.874	16.487	2.076	1.647	1.646	3.88	7.78	1.472	2.941	16.901	1.848	1.585	1.914	3.425	6.081	1.262	2.853	16.65	2.938	1.654	1.519	3.128	7.264	1.627	2.511	4.019	0.539	5.041	0.622	0.741	0.544	2.651	4.552	0.54	7.992	0.575	0.739	0.445	2.592	5.004	0.67	9.804	0.347	0.676	0.151
9.1726	2.98	17.092	2.148	1.85	1.684	4.182	8.477	1.413	2.883	17.078	1.92	1.59	1.821	3.464	6.483	1.596	3.091	16.861	3.044	1.857	1.722	3.528	7.568	1.667	2.715	4.092	0.479	5.214	0.663	0.616	0.583	2.691	4.659	0.743	8.264	0.646	0.647	0.779	2.666	5.078	0.577	9.618	0.518	0.781	0.058
9.33928	3.054	17.73	2.219	1.756	1.754	4.288	8.683	1.517	3.252	17.453	2.024	1.53	1.728	3.832	7.115	1.701	3.1	17.203	2.986	1.765	1.957	3.634	8.694	1.739	2.722	4.231	0.681	5.748	0.572	0.721	0.556	2.864	5.029	0.716	9.358	0.75	0.817	0.654	2.872	5.021	0.583	10.974	0.556	0.688	0.163
9.50589	3.031	17.588	2.3	1.872	1.837	4.3	9.641	1.499	3.065	17.774	1.908	1.71	1.842	3.746	7.09	1.485	3.533	16.439	3.226	1.911	1.907	3.515	8.894	1.752	2.898	4.208	0.533	6.803	0.746	0.735	0.44	3.003	5.002	0.699	9.916	0.667	0.7	0.669	3.272	5.455	0.566	10.973	0.604	0.506	0.243
9.67264	3.412	16.878	2.259	1.962	1.731	4.781	9.693	1.555	3.348	17.492	1.932	1.669	1.702	4.194	7.568	1.64	3.519	16.517	3.215	1.836	2.03	3.8	9.142	1.807	3.084	4.393	0.525	6.756	0.702	0.628	0.562	3.09	5.251	0.592	9.9	0.626	0.724	0.529	3.127	5.246	0.558	11.907	0.595	0.661	0.267
9.83936	3.361	17.358	2.326	2.06	1.861	4.955	10.305	1.724	3.362	18.622	2.165	1.736	1.868	4.336	8.639	1.677	3.507	17.191	3.358	2.07	1.966	3.841	9.628	2.045	3.028	4.505	0.558	7.338	0.583	0.566	0.565	3.27	5.01	0.659	10.589	0.694	0.662	0.663	3.575	5.46	0.624	12.864	0.467	0.632	0.204
10.00593	3.71	17.041	2.318	2.052	2.017	4.911	10.554	1.813	3.646	18.142	2.156	1.891	1.925	4.259	8.264	1.799	3.691	16.678	3.412	2.028	2.088	3.962	9.58	2.035	3.116	4.92	0.648	7.718	0.637	0.557	0.556	3.422	5.587	0.716	11.557	0.586	0.751	0.654	3.364	5.579	0.615	13.601	0.458	0.491	0.163
10.17256	3.67	17.65	2.279	2.145	1.881	5.232	10.742	1.708	4.032	17.275	2.117	1.918	1.821	4.744	8.649	1.793	3.977	17.254	3.503	2.021	1.951	4.217	10.489	1.929	3.306	4.617	0.577	8.791	0.761	0.748	0.485	3.545	5.381	0.513	12.136	0.646	0.647	0.648	3.651	5.537	0.479	14.737	0.452	0.715	0.091
10.33934	3.776	16.023	2.383	2.15	2.116	5.568	11.605	1.846	4.072	16.829	2.254	1.891	2.056	4.751	8.986	1.799	3.888	17.301	3.609	2.126	2.187	4.75	10.729	2.133	3.707	4.888	0.648	9.392	0.736	0.721	0.425	3.75	5.62	0.716	13.166	0.685	0.751	0.654	3.857	5.874	0.615	15.833	0.524	0.82	0.261
10.50602	4.178	16.867	2.398	2.134	2.1	5.906	11.903	2.023	4.048	17.61	2.138	2.005	2.17	4.926	9.352	1.78	3.861	16.964	3.685	2.239	2.333	4.531	11.55	2.145	3.685	4.962	0.566	9.262	0.615	0.637	0.407	3.889	5.461	0.502	14.047	0.766	0.831	0.538	4.19	5.816	0.566	16.415	0.538	0.801	0.276
10.67271	4.153	17.209	2.47	2.435	2.171	6.242	12.011	2.03	4.286	17.787	2.242	2.011	2.143	4.835	9.853	1.951	4.362	17.601	3.66	2.54	2.339	4.834	12.61	2.119	3.758	5.2	0.441	10.519	0.721	0.643	0.446	4.127	5.667	0.639	15.142	0.771	0.936	0.576	4.134	5.759	0.506	16.987	0.544	0.61	0.184
10.8393	4.318	17.069	2.428	2.49	2.488	6.273	13.563	2.056	4.483	18.136	2.365	2.133	2.298	5.522	10.484	2.074	4.596	17.198	3.789	2.336	2.462	4.765	12.459	2.278	3.788	5.002	0.495	11.287	0.652	0.635	0.47	4.358	6.0	0.563	14.899	0.795	0.73	0.502	4.171	6.055	0.626	17.7	0.667	0.734	0.174
11.0062	4.72	18.339	2.509	2.539	2.373	6.545	13.334	2.036	4.294	17.604	2.248	2.181	2.182	5.499	11.11	2.154	4.469	17.911	3.897	2.251	2.641	5.235	13.212	2.323	4.257	4.912	0.446	11.744	0.63	0.551	0.485	4.496	5.972	0.513	16.829	0.745	0.647	0.484	4.504	5.866	0.61	17.788	0.714	0.781	0.255
11.1727	4.597	17.664	2.613	2.577	2.313	7.177	14.789	2.141	4.401	18.602	2.517	2.318	2.45	5.802	11.416	2.095	4.84	16.809	3.97	2.455	2.384	5.439	13.552	2.363	4.2	4.888	0.583	11.986	0.736	0.754	0.589	4.308	5.916	0.716	17.401	0.75	0.62	0.654	4.907	5.743	0.681	19.543	0.556	0.59	0.195
11.33949	4.745	17.858	2.691	2.687	2.619	6.864	14.319	2.154	5.173	17.775	2.266	2.396	2.298	6.212	11.7	2.37	5.188	16.936	4.183	2.533	2.56	5.849	14.233	2.344	4.609	5.101	0.495	12.996	0.652	0.668	0.601	4.654	5.902	0.662	18.35	0.697	0.632	0.567	5.289	6.055	0.528	20.625	0.634	0.799	0.109
11.50608	5.205	16.839	2.625	2.72	2.619	7.193	14.615	2.154	4.811	18.038	2.464	2.626	2.495	6.114	11.338	2.304	5.056	17.198	4.084	2.533	2.56	5.685	14.168	2.64	4.379	5.298	0.495	13.488	0.652	0.668	0.437	4.621	6.0	0.53	18.711	0.697	0.632	0.666	5.124	5.957	0.626	22.202	0.667	0.734	0.273
11.67273	5.319	17.828	2.712	2.873	2.805	7.505	15.282	2.568	5.386	18.306	2.517	2.384	2.45	6.163	12.729	2.488	5.365	17.892	4.364	2.75	2.745	5.965	14.964	2.658	4.397	5.478	0.451	14.448	0.637	0.524	0.491	5.096	5.916	0.552	19.732	0.849	0.718	0.588	4.94	5.841	0.484	23.318	0.556	0.623	0.195
11.83952	5.113	17.945	2.574	2.867	2.734	7.759	15.696	2.331	5.278	18.818	2.511	2.509	2.576	6.68	12.685	2.384	5.519	17.484	4.357	2.743	2.837	6.154	15.608	2.651	4.881	5.602	0.479	14.894	0.728	0.616	0.419	5.087	6.267	0.415	20.537	0.745	0.647	0.582	5.193	5.931	0.61	23.859	0.649	0.518	0.255
12.00626	5.737	18.011	2.771	2.965	2.701	8.383	15.926	2.43	5.771	18.621	2.576	2.64	2.477	6.779	13.243	2.58	5.749	17.779	4.357	2.711	2.641	6.449	15.509	2.717	4.881	5.405	0.446	15.977	0.761	0.715	0.55	5.185	5.972	0.546	21.718	0.777	0.614	0.484	5.587	5.833	0.61	24.318	0.649	0.617	0.19
12.17277	5.885	17.993	2.706	2.998	3.127	8.036	16.223	2.533	5.819	17.38	2.677	2.641	2.873	7.253	14.49	2.551	5.705	17.234	4.235	2.977	2.871	6.592	15.81	2.822	4.925	5.417	0.509	16.448	0.704	0.65	0.518	5.696	6.451	0.643	22.796	0.711	0.68	0.582	6.202	5.978	0.542	25.435	0.683	0.618	0.288
12.33958	5.975	17.452	2.733	3.321	3.219	8.521	16.605	2.69	5.843	18.716	2.67	2.931	2.801	7.639	14.577	2.807	6.386	17.055	4.589	2.97	2.865	6.617	15.962	3.012	5.213	5.705	0.503	17.552	0.795	0.743	0.512	5.72	5.62	0.539	22.647	0.771	0.641	0.478	6.027	6.2	0.602	27.653	0.742	0.71	0.216
12.50621	6.501	17.566	2.712	3.267	3.1	8.556	17.448	2.732	6.502	17.65	2.648	3.237	3.074	7.739	14.797	2.718	6.153	18.221	4.496	3.111	2.942	7.048	16.77	3.249	5.447	5.577	0.484	18.125	0.637	0.524	0.458	5.785	5.719	0.519	24.952	0.849	0.718	0.555	6.352	5.94	0.583	28.702	0.622	0.623	0.261
12.67281	6.224	18.055	2.592	3.542	3.211	9.329	18.723	2.877	6.323	18.333	2.759	3.02	3.054	8.217	15.775	2.994	6.469	17.56	4.38	2.96	2.987	6.966	17.421	3.264	5.595	5.791	0.495	19.305	0.751	0.733	0.437	5.903	6.0	0.563	25.546	0.762	0.73	0.6	6.472	6.187	0.594	28.117	0.634	0.701	0.273
12.83956	6.295	17.322	2.673	3.687	3.193	9.301	17.665	3.053	6.657	18.129	2.675	3.034	2.871	8.419	15.441	3.335	6.373	17.878	4.553	3.334	3.231	7.236	17.577	3.143	5.636	5.667	0.544	20.046	0.728	0.551	0.419	6.531	6.07	0.513	26.804	0.745	0.647	0.451	6.374	5.669	0.577	30.652	0.714	0.617	0.288
13.00623	6.661	18.53	2.828	3.515	3.217	9.24	17.224	3.147	6.924	18.774	2.7	3.355	3.258	8.16	14.407	3.33	7.071	18.067	4.585	3.493	3.487	7.895	17.632	3.305	5.9	5.733	0.599	20.044	0.89	0.641	0.607	6.274	6.042	0.634	28.261	0.801	0.736	0.508	6.844	6.064	0.698	31.523	0.673	0.608	0.279
13.17298	7.159	17.88	2.733	3.913	3.45	10.625	19.828	3.151	6.83	17.334	2.703	3.424	3.195	8.428	16.616	3.301	7.504	18.239	4.721	3.497	3.49	7.472	18.099	3.506	6.364	5.705	0.405	21.301	0.861	0.677	0.446	6.509	6.212	0.637	29.06	0.804	0.739	0.478	6.981	6.101	0.733	30.153	0.742	0.907	0.282
13.3397	6.946	17.216	2.768	3.815	3.387	9.92	18.413	3.444	6.882	17.63	2.672	3.523	3.13	8.513	16.387	3.332	7.024	17.969	4.549	3.659	3.622	8.348	17.734	3.632	6.124	5.86	0.574	22.958	0.823	0.646	0.416	6.821	6.197	0.707	28.632	0.84	0.709	0.645	7.189	5.829	0.673	32.938	0.843	0.614	0.252
13.50635	7.519	18.058	2.712	3.628	3.659	10.361	19.221	3.454	7.158	17.912	2.78	3.533	3.14	9.873	17.489	3.703	7.762	17.072	4.693	3.833	3.336	8.886	18.149	3.578	5.972	5.807	0.484	23.772	0.834	0.623	0.458	6.967	5.981	0.617	30.73	0.947	0.653	0.49	7.107	5.776	0.517	34.513	0.852	0.59	0.294
13.67302	7.374	17.332	2.691	4.002	3.638	10.578	19.347	3.699	7.637	17.84	2.595	3.71	3.317	9.531	17.418	3.553	7.751	17.626	4.906	3.946	4.072	8.511	19.623	3.954	6.581	5.593	0.462	24.366	0.784	0.635	0.437	7.184	6.033	0.563	29.786	0.861	0.665	0.567	7.326	5.858	0.692	34.098	0.93	0.602	0.207
13.83969	7.925	18.125	2.805	4.347	3.982	10.866	18.986	4.013	7.629	18.4	2.677	3.891	3.531	9.49	17.287	4.064	7.877	17.333	4.926	4.161	3.661	9.027	19.166	4.007	6.307	5.614	0.476	26.483	0.901	0.65	0.584	7.111	5.958	0.544	32.469	0.974	0.844	0.582	7.88	6.11	0.706	30.634	0.847	0.552	0.288
14.00637	7.601	17.606	2.742	4.284	3.886	11.463	18.269	4.116	8.16	18.407	2.877	3.763	3.534	9.462	17.392	3.936	8.87	18.36	4.897	4.494	3.796	10.052	18.812	4.241	6.509	5.52	0.61	26.921	0.971	0.653	0.521	7.675	5.864	0.58	33.105	0.879	0.88	0.487	7.787	5.917	0.61	29.393	0.883	0.818	0.389
14.17295	7.885	18.952	2.682	4.353	4.023	10.924	18.801	4.016	8.28	17.623	2.75	4.061	3.471	10.469	17.825	4.002	8.128	17.801	4.762	4.231	3.766	8.891	19.206	4.205	6.962	5.614	0.487	27.327	0.937	0.823	0.461	7.366	6.314	0.522	33.794	0.852	0.82	0.493	7.901	5.846	0.782	27.859	0.822	0.593	0.363
14.3398	8.393	17.234	2.724	4.265	3.934	11.728	19.018	4.192	8.525	17.38	2.759	3.973	3.81	10.057	18.798	4.046	8.441	17.921	4.873	4.538	4.072	9.431	18.9	4.414	7.37	5.528	0.495	27.422	0.849	0.569	0.437	7.546	5.902	0.53	33.335	0.992	0.632	0.6	8.115	6.055	0.791	29.925	0.733	0.734	0.372
14.50643	8.787	17.891	2.888	4.527	4.131	12.352	18.427	4.29	8.722	17.545	2.891	4.269	3.876	10.55	19.258	4.342	9.46	18.119	4.61	4.538	4.203	10.22	19.196	4.119	7.337	6.119	0.561	29.229	0.981	0.536	0.437	7.743	5.902	0.662	27.847	0.959	0.763	0.502	8.378	5.858	0.594	30.516	0.93	0.602	0.207
14.6731	8.657	17.518	2.902	4.803	4.145	11.894	18.715	4.3	8.79	17.702	2.97	4.445	3.987	11.274	18.92	4.32	9.227	17.09	4.685	4.811	4.544	10.058	18.036	4.456	7.145	5.766	0.479	30.054	0.86	0.616	0.353	7.745	6.005	0.513	27.493	0.941	0.548	0.451	8.179	5.767	0.577	32.292	0.813	0.584	0.255
14.83979	9.093	17.379	2.927	5.027	4.564	11.968	19.098	4.594	8.305	18.183	2.897	4.44	4.113	11.119	19.371	4.448	9.241	18.462	4.782	4.775	4.177	10.229	18.783	4.521	7.445	5.635	0.566	30.466	0.89	0.674	0.476	7.786	5.714	0.569	28.524	0.965	0.671	0.508	8.323	5.406	0.731	30.931	0.936	0.806	0.575
15.00652	9.093	17.873	2.828	5.093	4.466	12.067	19.196	4.594	8.897	17.558	2.963	4.637	4.211	11.415	19.371	4.777	9.702	18.035	4.717	4.973	4.572	10.427	18.684	4.587	7.774	5.799	0.501	31.156	0.89	0.674	0.509	7.984	5.845	0.569	31.285	0.965	0.736	0.475	8.488	5.472	0.698	29.879	1.035	0.707	0.312
15.17314	9.1	17.212	2.813	5.174	4.548	12.763	19.064	5.001	9.232	17.722	2.98	4.62	4.391	12.209	18.842	4.922	9.738	17.9	4.861	5.216	4.357	10.894	19.305	5.158	8.111	5.811	0.553	32.253	1.134	0.527	0.494	8.253	5.723	0.62	31.824	0.983	0.754	0.46	8.393	5.944	0.585	30.19	0.921	0.593	0.395
15.33986	9.017	17.956	2.789	5.25	4.854	13.207	18.197	4.948	9.445	17.643	2.792	4.86	4.106	12.029	18.437	5.295	10.051	17.921	4.972	5.063	4.565	10.712	18.604	5.072	7.468	5.824	0.561	31.004	1.047	0.733	0.503	8.072	6.033	0.563	31.264	1.091	0.763	0.567	8.18	5.99	0.692	30.319	1.062	0.734	0.47
15.50648	9.817	17.927	2.712	5.007	4.742	12.955	18.203	4.833	9.391	18.438	2.944	5.142	4.42	12.27	18.868	5.016	10.126	17.597	4.66	5.147	4.879	11.48	17.853	5.153	7.712	5.971	0.55	30.272	0.933	0.655	0.655	8.215	5.916	0.519	33.947	1.046	0.718	0.457	8.584	5.644	0.812	30.738	0.918	0.721	0.36
15.67328	9.636	17.982	2.786	5.28	4.949	13.037	18.913	5.305	10.031	19.049	2.855	5.251	4.595	12.845	18.265	5.389	10.374	17.651	4.705	5.487	4.89	11.594	18.925	5.002	7.825	6.115	0.492	27.511	0.944	0.566	0.598	8.428	5.7	0.659	30.86	0.989	0.662	0.564	8.405	5.755	0.722	31.886	1.157	0.599	0.467
15.83984	10.726	17.135	3.085	5.776	4.887	13.798	19.051	5.309	9.741	18.432	2.858	5.353	4.697	12.653	18.798	5.13	9.887	18.151	4.774	5.425	4.762	11.6	18.9	4.973	7.961	5.824	0.462	25.943	0.784	0.668	0.503	8.236	5.606	0.464	30.87	0.992	0.665	0.502	8.903	5.957	0.824	29.531	1.029	0.536	0.47
16.00651	10.31	17.61	2.697	5.553	4.696	13.875	19.262	5.547	10.245	17.953	2.799	5.591	4.803	12.5	19.503	5.894	11.05	17.344	5.177	5.564	5.295	11.545	18.914	5.902	7.872	6.095	0.501	29.841	0.989	0.74	0.509	8.247	5.648	0.733	32.568	1.097	0.671	0.573	8.882	5.604	0.928	32.082	1.134	0.838	0.378
16.17325	10.49	18.08	2.819	5.74	4.949	14.121	19.012	5.239	9.9	18.787	3.249	5.744	4.792	12.812	19.185	5.882	10.866	17.224	5.066	5.782	5.054	12.087	18.071	5.823	7.825	5.721	0.492	32.209	1.076	0.665	0.5	8.329	5.503	0.659	33.291	1.351	0.826	0.564	8.47	5.985	0.788	31.853	1.223	0.698	0.5
16.33992	10.852	17.785	2.885	5.838	5.31	14.68	19.012	5.568	9.998	18.129	2.986	5.547	4.726	12.319	19.382	5.981	11.425	18.505	4.968	5.585	5.087	12.219	18.17	5.725	8.121	5.688	0.492	30.829	1.076	0.632	0.467	8.526	5.601	0.626	30.564	1.154	0.957	0.499	9.456	5.953	0.788	31.985	1.124	0.829	0.5
16.50658	10.496	17.891	2.987	5.875	5.182	13.995	18.525	5.638	10.529	18.268	2.989	5.748	4.993	13.015	18.699	6.116	11.136	17.724	4.807	5.852	5.682	11.797	18.078	5.893	8.257	5.692	0.561	30.708	1.145	0.569	0.503	8.696	5.409	0.563	33.302	1.288	0.665	0.666	8.805	5.76	0.824	30.385	1.127	0.799	0.404
16.67316	11.037	17.737	2.977	5.962	5.501	13.781	20.147	6.151	11.137	18.346	2.947	5.769	5.015	13.589	19.237	6.465	11.117	17.932	4.894	6.267	5.375	12.241	18.977	6.176	8.308	5.68	0.553	29.527	1.035	0.724	0.461	8.877	5.493	0.752	30.642	1.147	0.82	0.493	8.886	5.747	0.815	32.587	1.019	0.79	0.395
16.83999	11.317	17.792	3.151	6.105	5.675	14.62	18.46	5.835	10.201	18.268	2.989	5.78	4.927	13.54	18.765	6.412	12.154	17.954	4.807	6.444	5.485	12.717	18.768	6.288	8.421	5.692	0.561	29.952	0.981	0.635	0.47	8.729	5.606	0.563	30.344	1.157	0.927	0.567	8.969	5.661	0.889	30.056	1.16	0.931	0.404
17.00659	11.12	17.661	2.888	5.941	5.478	14.423	17.704	6.262	11.022	18.432	2.957	6.142	5.026	14.066	18.962	6.314	11.366	17.856	4.972	6.279	5.912	12.651	17.684	6.123	8.323	5.725	0.561	29.459	1.079	0.668	0.568	8.729	5.639	0.662	31.33	1.255	0.927	0.567	8.673	5.76	0.988	30.516	1.127	0.734	0.404
17.17344	11.858	17.639	2.879	6.455	5.862	14.372	18.276	6.709	11.793	18.247	2.881	6.163	5.376	13.49	18.645	6.498	12.299	18.885	5.058	6.562	5.572	12.93	17.794	6.405	8.538	5.68	0.487	30.085	1.035	0.724	0.461	8.877	5.329	0.62	30.215	1.147	0.754	0.558	8.853	5.648	0.979	31.372	1.019	0.626	0.494
17.33994	11.497	18.46	2.879	6.389	5.862	16.014	18.44	6.479	11.629	18.247	2.98	6.294	5.278	15.066	19.696	6.892	12.956	18.228	4.697	6.562	5.769	12.733	19.305	6.832	8.604	5.778	0.651	29.494	1.166	0.658	0.559	8.877	5.493	0.719	28.573	1.18	0.754	0.558	9.083	5.747	0.979	32.719	1.216	0.823	0.461
17.50668	11.807	17.945	2.968	6.345	6.081	13.994	16.845	6.663	11.218	18.293	3.134	6.053	5.201	14.096	19.117	6.978	13.1	18.698	4.849	6.911	6.086	13.57	18.331	6.72	8.392	5.963	0.544	31.17	1.122	0.715	0.452	8.598	5.381	0.612	30.676	1.171	0.811	0.648	8.737	5.669	1.069	30.422	1.141	0.781	0.583
17.67334	12.055	17.967	2.912	6.685	5.993	14.307	19.556	6.807	11.728	18.116	2.98	6.689	5.179	13.72	19.368	7.089	12.529	17.834	4.959	6.727	5.704	12.832	17.959	7.128	8.604	5.417	0.553	30.808	1.068	0.724	0.494	8.68	5.493	0.653	31.101	1.246	0.754	0.46	9.181	5.747	1.111	31.274	1.315	0.691	0.56
17.84004	11.754	18.255	2.81	6.779	6.088	14.071	17.81	6.869	11.886	19.718	2.977	6.783	5.208	14.338	18.409	7.183	12.653	18.812	4.791	6.821	5.995	13.811	18.083	7.32	8.303	5.675	0.747	30.699	1.031	0.82	0.491	8.773	5.423	0.65	30.993	1.276	0.915	0.654	8.781	5.579	0.911	29.884	1.147	0.721	0.655
18.00668	11.757	18.267	2.927	6.901	6.603	14.829	17.815	7.092	12.382	18.774	2.897	6.906	5.658	14.243	18.483	7.505	12.595	18.725	4.914	6.879	5.722	13.221	17.895	6.691	8.267	5.404	0.665	31.156	1.153	0.871	0.607	8.838	5.451	0.766	31.088	1.196	0.835	0.606	9.014	5.801	0.928	31.49	1.166	0.904	0.509
18.17333	12.283	18.793	2.894	7.394	6.34	14.927	17.947	7.125	11.921	18.643	2.963	6.972	5.954	13.881	18.878	7.308	13.384	19.317	4.782	7.241	5.985	13.419	17.205	7.513	8.365	5.799	0.599	29.052	1.35	0.74	0.509	8.838	5.648	0.667	31.187	1.36	0.868	0.672	9.178	5.702	0.994	30.636	1.265	0.904	0.476
18.3401	12.677	18.892	2.993	7.131	6.636	14.829	17.224	7.388	11.823	19.498	3.094	7.004	5.822	13.749	18.779	7.341	13.088	18.166	4.782	7.142	6.281	14.767	18.388	7.809	8.464	5.503	0.468	28.658	1.153	0.674	0.476	8.608	5.549	0.667	34.705	1.36	0.934	0.573	8.685	5.702	1.125	31.326	1.265	0.904	0.41
18.50678	11.625	18.826	2.927	6.901	6.143	14.632	17.848	7.421	12.48	18.544	2.963	7.07	5.756	14.769	17.234	7.834	13.482	19.547	4.815	7.504	6.183	13.813	18.323	7.118	8.661	5.339	0.665	30.532	1.087	0.773	0.509	8.51	5.418	0.733	31.647	1.196	0.868	0.606	8.882	5.867	1.026	31.786	1.265	0.904	0.673
18.67351	12.895	18.811	3.085	7.386	6.234	15.77	17.901	7.445	12.731	19.155	3.088	7.424	6.044	15.085	18.239	7.694	13.469	19.203	4.709	7.791	6.306	14.229	16.862	8.128	8.356	5.593	0.692	30.708	1.244	0.766	0.47	9.09	5.704	0.727	32.612	1.452	0.927	0.666	9.1	6.088	1.119	31.371	1.357	0.734	0.569
18.84022	12.566	19.37	3.019	7.025	6.3	15.54	17.934	7.281	12.665	19.188	3.088	7.489	6.044	15.249	16.925	7.957	13.962	18.743	5.07	7.495	6.208	13.144	17.191	7.503	8.553	5.593	0.692	29.854	1.047	0.733	0.601	8.828	5.441	0.76	32.71	1.354	0.96	0.699	9.363	5.595	1.185	30.023	1.357	0.931	0.7
19.00679	11.76	19.609	2.977	7.604	6.42	14.504	17.455	7.53	12.811	18.444	2.98	7.345	6.0	16.544	19.138	7.91	13.612	19.082	4.894	7.58	6.393	13.948	17.499	7.883	8.44	5.712	0.585	30.118	1.166	0.757	0.559	9.369	5.329	0.752	31.824	1.542	1.017	0.657	9.444	5.878	1.111	32.095	1.315	1.02	0.494
19.17347	12.932	18.955	3.104	7.345	6.124	15.083	18.796	7.472	13.393	19.033	3.009	6.922	5.772	14.365	18.709	8.379	12.687	19.973	4.897	8.114	6.527	13.869	17.824	7.96	8.484	5.914	0.775	29.718	1.3	1.048	0.488	9.321	5.831	0.778	30.439	1.57	0.88	0.585	9.564	5.588	1.137	32.026	1.475	0.95	0.686
19.34012	12.827	19.342	3.035	7.242	6.746	15.143	17.605	7.863	13.255	19.19	2.973	7.905	6.36	14.754	18.208	8.473	13.7	19.34	4.795	7.879	7.017	13.962	16.83	7.922	8.676	5.713	0.673	32.044	1.197	0.749	0.715	9.217	5.563	0.873	31.12	1.501	0.877	0.615	8.9	5.781	1.298	29.614	1.373	0.848	0.584
19.50695	13.025	19.013	3.002	7.308	7.042	15.143	16.815	8.126	12.498	19.223	3.006	7.806	6.064	14.59	17.583	8.341	13.306	19.636	4.827	8.175	6.688	13.732	17.554	8.054	8.643	5.812	0.673	30.563	1.263	0.749	0.584	9.151	5.629	0.873	34.048	1.369	1.041	0.714	9.031	6.011	1.232	30.568	1.373	0.947	0.584
19.67356	12.71	19.286	3.157	8.151	6.537	15.256	17.026	7.947	12.875	19.399	2.897	7.794	6.315	14.374	17.793	8.525	14.469	18.955	4.815	8.26	6.774	14.569	17.533	8.006	8.53	5.602	0.764	31.025	1.35	0.871	0.575	9.101	5.319	0.766	32.568	1.36	1.032	0.672	9.54	6.097	1.191	32.641	1.364	1.003	0.608
19.84025	13.189	19.441	3.134	7.67	6.746	15.439	17.67	8.455	12.4	19.782	2.973	7.938	6.229	14.919	18.175	8.802	14.753	20.195	4.893	8.274	6.425	14.686	17.752	8.054	8.479	6.042	0.706	31.287	1.296	0.782	0.617	9.052	5.563	0.84	30.33	1.402	0.877	0.714	9.13	5.978	1.298	30.568	1.538	1.045	0.814
20.00697	13.603	19.794	3.011	8.143	6.23	15.391	17.426	7.975	13.833	19.244	2.982	8.412	6.603	15.497	17.702	8.487	14.577	20.054	4.938	8.518	6.535	13.881	17.773	7.871	8.395	5.857	0.78	30.298	1.308	0.791	0.626	8.772	5.577	0.849	31.217	1.576	1.051	0.789	9.609	5.728	1.241	30.401	1.647	1.055	0.791
20.17363	13.025	20.264	3.167	7.966	6.45	14.452	16.881	8.29	12.4	19.815	2.907	8.004	6.261	14.984	18.504	8.473	14.293	19.175	4.827	8.175	6.622	14.686	17.916	8.35	9.137	5.614	0.706	30.596	1.362	0.881	0.617	8.657	5.464	0.84	33.785	1.567	0.778	0.78	9.229	5.912	1.496	30.667	1.67	1.045	0.617
20.34033	13.754	19.817	3.12	7.53	6.538	14.586	17.445	8.088	12.732	20.122	3.223	8.162	6.088	15.318	17.525	8.897	14.994	19.616	5.148	9.093	6.514	14.097	18.387	8.281	9.101	5.969	0.723	31.548	1.287	0.9	0.536	9.184	5.854	0.957	31.875	1.684	1.159	0.633	8.869	6.103	1.448	32.376	1.459	1.031	0.734
20.50702	13.288	20.264	3.167	7.933	7.042	14.419	17.637	8.159	13.058	20.44	2.973	7.708	6.656	14.359	17.254	8.769	14.457	19.241	5.025	8.669	6.293	14.456	16.6	8.448	8.676	5.713	0.772	31.089	1.197	0.848	0.682	8.855	5.728	0.939	31.909	1.698	0.976	0.78	10.15	5.978	1.331	31.522	1.571	1.111	0.683
20.67363	14.078	19.895	3.085	7.814	6.76	15.343	15.732	8.529	13.158	20.108	3.088	7.818	6.439	14.329	17.516	8.877	13.469	19.236	4.906	8.185	6.011	13.736	17.487	8.654	8.849	5.429	0.791	31.332	1.178	0.931	0.766	9.222	5.902	0.925	32.546	1.65	1.059	0.797	9.166	6.088	1.317	31.765	1.653	1.227	0.799
20.8403	12.673	20.291	3.138	7.797	6.679	14.268	17.678	8.543	14.447	21.327	2.944	7.965	6.423	14.962	17.391	9.448	14.328	20.289	4.988	8.725	6.291	14.139	16.573	8.633	8.599	5.38	0.747	30.305	1.36	0.852	0.753	8.609	5.587	0.913	31.19	1.538	1.014	0.752	9.832	5.677	1.37	31.723	1.64	1.017	0.589
21.007	13.078	19.524	3.095	7.727	6.771	14.736	16.572	8.544	13.374	20.294	3.065	8.423	6.221	14.479	17.668	8.464	13.851	19.752	5.082	8.988	6.022	14.345	17.08	8.537	8.831	6.033	0.865	31.233	1.387	0.874	0.61	9.304	5.85	0.966	31.099	1.758	1.233	0.807	9.447	5.904	1.424	30.745	1.564	1.105	0.808
21.17368	13.123	20.362	3.035	8.361	6.153	14.879	16.486	8.29	13.485	20.342	3.006	8.596	6.327	14.984	17.452	9.164	14.095	20.162	5.025	8.504	6.787	13.831	16.732	8.777	8.841	5.844	0.706	30.497	1.263	0.848	0.682	9.315	5.761	0.972	30.692	1.698	1.074	0.714	9.788	5.978	1.496	31.358	1.768	1.111	0.88
21.34037	12.498	20.132	2.936	8.13	5.989	14.221	17.506	8.915	13.617	20.605	3.17	8.234	6.163	15.774	17.682	9.197	14.885	19.833	5.025	8.406	6.194	14.587	17.85	8.843	9.038	6.009	0.772	31.089	1.296	0.946	0.584	9.217	5.563	0.873	32.172	1.764	0.943	0.879	9.294	5.978	1.496	31.16	1.735	1.111	0.88
21.50708	13.208	20.584	3.11	8.044	6.263	13.91	16.076	8.469	13.702	20.363	3.213	7.819	6.273	14.081	17.307	8.981	14.874	20.12	5.103	8.486	6.404	14.869	16.917	9.254	8.658	6.022	0.78	31.187	1.505	0.857	0.692	9.167	5.478	0.981	31.941	1.576	1.051	0.888	9.609	6.222	1.505	30.204	1.647	1.121	0.692
21.67376	13.218	19.947	3.099	8.281	6.114	14.978	16.747	9.026	14.106	20.261	2.937	7.891	6.12	14.293	17.41	9.406	13.887	20.306	4.98	8.748	6.25	14.324	17.15	8.886	8.884	6.061	0.84	29.595	1.319	1.043	0.681	9.582	5.873	0.94	31.3	1.762	1.139	0.845	9.492	6.161	1.463	31.308	1.732	1.076	0.879
21.84039	13.123	20.329	3.331	7.834	6.779	14.452	16.782	8.784	13.156	19.815	3.17	8.3	6.525	14.787	17.484	8.802	13.306	20.195	4.926	8.801	6.227	14.785	16.501	8.679	9.334	6.141	0.871	31.682	1.461	0.979	0.781	9.611	5.761	0.939	30.034	1.896	0.976	0.78	10.183	6.209	1.627	31.851	1.67	1.407	0.814
22.00707	12.71	20.437	3.157	8.052	6.208	14.632	16.862	8.966	13.335	20.714	3.094	7.826	6.118	14.9	17.07	8.952	13.45	19.448	4.881	8.852	6.314	15.325	17.172	8.96	8.924	5.832	0.961	31.945	1.482	0.97	0.673	9.397	5.714	1.062	32.666	1.689	1.131	0.869	10.066	6.097	1.684	32.247	1.758	1.233	0.772
22.17377	13.111	20.478	3.127	8.254	6.245	14.637	16.375	8.643	12.782	20.722	2.999	8.587	6.221	14.15	17.241	8.727	14.739	19.357	5.115	8.364	6.483	14.477	16.685	8.866	9.225	6.033	0.799	30.542	1.486	0.973	0.775	9.403	5.817	1.065	32.381	1.856	1.134	0.774	10.335	6.266	1.588	31.534	1.762	1.203	0.709
22.34055	13.05	19.801	3.146	7.95	6.036	14.146	15.786	8.902	12.885	21.128	3.018	8.35	6.08	15.009	17.38	8.887	13.531	20.622	4.909	8.688	6.539	14.71	16.265	8.798	8.959	6.026	0.882	30.144	1.476	0.992	0.728	9.535	5.944	0.984	32.248	1.777	1.087	0.99	10.109	6.325	1.804	30.049	1.782	1.256	0.892
22.50718	13.584	20.658	3.101	7.736	6.219	14.254	15.762	8.915	13.617	20.638	3.071	8.399	5.867	15.379	16.793	8.539	14.095	20.952	5.124	8.57	6.096	14.587	16.798	9.172	9.137	6.141	0.805	30.958	1.494	1.045	0.715	9.908	5.728	1.071	31.482	1.764	1.14	0.911	10.38	6.669	1.726	31.028	1.735	1.21	0.88
22.67392	13.821	20.041	3.236	7.773	6.157	13.832	16.492	8.295	12.768	21.106	3.173	8.337	6.331	14.102	16.636	8.741	13.905	20.104	4.996	8.97	5.935	13.047	15.784	8.98	8.977	6.112	0.906	31.758	1.695	0.95	0.784	10.045	5.831	1.14	30.604	1.8	1.275	0.98	10.288	6.509	1.992	31.467	1.936	1.147	1.015
22.84052	13.053	20.512	3.213	7.744	5.902	14.942	15.923	8.327	13.743	20.889	3.183	8.208	6.238	13.929	18.561	8.74	13.922	21.232	4.869	8.936	6.302	14.354	16.067	8.649	9.041	5.984	0.854	30.237	1.536	1.059	0.697	10.202	5.93	0.954	32.108	1.843	1.22	0.893	10.442	6.544	1.806	30.21	2.011	1.388	0.96
23.00715	11.855	21.062	3.157	7.756	6.143	15.355	16.27	8.638	13.171	20.714	3.062	8.484	5.822	14.078	17.267	8.886	13.647	21.618	5.013	8.786	6.018	14.536	15.758	8.762	9.352	6.226	0.961	30.17	1.547	0.97	0.87	9.43	6.01	1.029	32.732	1.952	1.164	1.067	10.362	6.656	1.684	32.247	1.956	1.233	1.068
23.17387	13.097	20.37	3.137	7.542	5.993	13.898	16.624	8.493	13.064	20.711	3.206	8.304	5.541	14.925	16.734	9.07	14.201	21.19	5.029	9.101	6.198	14.264	15.521	8.783	9.076	6.342	0.906	29.915	1.761	1.147	0.784	9.716	6.028	0.975	32.808	2.096	1.176	0.914	10.748	6.772	1.696	33.474	1.936	1.345	1.015
23.3405	12.876	20.627	3.01	8.195	5.698	15.554	15.222	8.449	12.746	20.94	3.045	7.805	5.737	14.508	17.332	8.764	13.547	21.118	4.959	8.73	6.163	13.817	16.153	8.934	9.293	6.172	1.045	30.709	1.626	1.02	0.855	9.993	5.92	1.113	31.299	1.87	1.345	0.887	10.035	6.995	1.8	31.569	2.07	1.315	0.888
23.50726	12.889	20.643	3.148	7.12	5.803	14.745	16.022	8.623	12.528	21.612	3.085	7.978	6.041	15.144	16.524	9.036	14.053	20.411	4.968	8.575	5.58	13.303	15.377	9.437	9.041	5.918	0.952	30.402	1.568	1.059	0.697	10.005	5.798	1.119	31.812	1.745	1.22	0.959	10.869	7.201	1.872	30.605	1.945	1.223	1.058
23.67398	11.975	20.815	3.085	7.814	5.807	14.028	16.192	8.464	12.731	21.915	3.187	8.311	6.307	14.428	17.418	9.172	14.027	21.142	4.906	8.152	6.175	13.736	15.778	8.818	9.506	6.415	0.889	31.201	1.572	1.062	0.864	10.076	6.0	1.056	30.476	1.847	1.519	0.995	10.316	7.304	1.908	31.995	2.014	1.522	0.996
23.8406	12.778	20.988	3.142	7.736	5.665	14.733	16.01	8.252	12.516	21.958	3.045	8.298	5.475	14.541	16.478	9.453	14.302	21.085	5.091	8.369	5.901	14.145	15.561	8.934	9.326	5.975	0.98	31.103	1.56	1.053	0.855	9.862	6.019	1.211	31.134	1.936	1.247	1.051	10.889	7.126	1.899	30.256	2.004	1.315	0.987
24.00731	12.498	20.79	3.134	7.834	6.055	14.057	15.367	8.685	13.189	21.329	2.907	8.234	5.932	13.471	16.135	8.769	15.247	21.248	4.827	8.768	5.8	13.535	15.909	9.074	9.367	6.338	1.167	31.747	1.658	1.177	0.715	9.908	6.221	1.137	31.021	1.994	1.272	1.076	10.775	6.965	2.187	29.976	2.031	1.243	1.012
24.17387	12.745	21.547	3.142	7.703	5.369	14.504	15.452	8.646	12.352	22.385	3.144	8.199	5.836	14.541	17.201	8.731	13.908	20.395	4.894	8.631	5.901	14.047	15.332	9.295	9.786	6.205	1.045	31.366	1.659	1.118	0.888	10.158	6.511	1.113	32.415	2.034	1.214	1.15	10.856	7.028	1.964	30.781	2.366	1.48	1.085
24.34074	12.71	20.536	3.026	7.822	5.715	15.486	16.369	8.572	12.973	20.714	3.16	7.695	5.724	14.67	16.149	8.525	13.285	21.618	5.111	8.885	5.394	14.043	15.561	8.927	9.516	6.424	1.092	31.715	1.679	1.068	0.903	10.285	6.01	1.325	31.253	2.05	1.262	1.067	10.888	7.511	1.98	32.444	2.317	1.43	1.167
24.50722	12.729	21.086	3.167	7.933	5.495	13.892	15.433	8.356	13.058	20.901	3.071	8.399	5.439	14.359	17.09	8.999	13.404	20.952	4.992	8.965	5.47	13.896	15.317	9.041	9.762	6.535	1.2	30.3	1.757	1.243	1.077	10.697	6.221	1.235	32.6	2.06	1.469	1.175	11.038	7.623	2.187	31.325	2.426	1.605	1.209
24.67399	12.169	21.152	3.167	7.867	5.43	14.221	15.038	8.027	12.992	22.316	3.302	8.3	5.669	14.162	16.135	8.802	13.964	21.577	4.992	8.965	5.635	13.864	15.284	8.942	9.828	6.404	1.101	32.044	1.658	1.243	0.913	10.204	6.353	1.235	31.811	2.06	1.436	1.109	10.38	7.459	2.055	31.95	2.229	1.407	1.209
24.84073	11.954	22.278	3.322	7.427	5.584	14.007	15.152	8.999	12.184	21.733	3.062	8.287	5.296	13.749	16.018	8.623	13.482	21.651	5.078	8.458	5.887	14.043	15.495	9.551	9.549	6.489	1.191	31.617	1.778	1.167	0.969	10.614	6.634	1.259	31.581	2.248	1.361	1.362	11.315	7.839	2.046	31.885	2.383	1.43	1.265
25.00741	13.419	21.316	3.167	7.538	5.528	14.32	14.15	8.586	12.992	22.743	3.302	7.839	5.307	14.59	16.662	8.736	13.964	21.577	4.827	8.603	5.635	14.456	14.692	8.942	9.926	6.7	1.2	30.695	1.757	1.177	0.913	10.631	6.353	1.466	32.107	1.994	1.37	1.175	11.334	8.248	2.088	30.272	2.393	1.506	1.341
25.17406	12.292	21.547	3.179	7.62	5.542	14.343	14.765	8.178	13.609	22.446	3.315	8.021	5.454	14.68	15.832	8.657	13.531	21.61	5.041	8.589	5.749	14.019	15.639	9.094	10.277	6.52	1.211	31.725	1.707	1.157	1.024	10.82	6.471	1.379	32.314	2.007	1.449	1.121	10.866	7.938	2.1	32.058	2.341	1.552	1.189
25.34081	12.899	21.16	3.268	7.674	5.696	14.951	14.55	8.46	12.866	21.863	3.173	8.337	5.574	13.74	15.056	9.004	13.609	22.046	4.93	9.266	5.902	14.1	14.83	8.848	10.261	6.803	1.203	31.692	1.892	1.18	1.015	10.604	6.654	1.469	32.315	2.162	1.374	1.375	11.012	8.319	2.157	31.072	2.496	1.509	1.278
25.50753	12.301	21.613	3.265	7.834	5.594	13.794	14.611	8.29	12.992	22.349	3.17	8.958	5.636	14.557	15.806	8.967	12.878	22.63	5.025	8.965	5.8	14.094	14.56	8.975	10.453	7.128	1.2	30.859	1.79	1.275	0.979	10.927	6.715	1.367	31.482	1.994	1.469	1.306	11.038	8.117	2.285	30.634	2.525	1.703	1.209
25.67406	12.65	21.399	3.325	7.662	5.521	13.881	15.027	8.577	12.092	22.201	3.098	8.094	5.629	14.545	14.676	9.187	13.292	22.153	5.017	8.265	5.364	14.345	13.66	8.734	10.014	6.921	1.194	31.627	1.65	1.269	1.005	11.113	7.231	1.624	31.099	2.086	1.331	1.267	11.42	8.502	2.279	31.304	2.584	1.697	1.334
25.84073	13.426	22.016	3.104	7.608	5.433	14.129	14.649	8.657	12.768	21.534	3.009	7.712	5.311	14.497	14.727	8.971	13.082	21.783	4.996	8.608	5.474	14.067	13.908	9.046	10.359	6.606	1.268	30.277	1.761	1.246	1.015	11.263	7.213	1.436	32.117	2.162	1.439	1.276	11.9	8.253	2.354	31.072	2.496	1.509	1.179
26.00747	11.532	21.596	3.259	7.497	5.521	14.111	13.185	8.248	12.585	22.136	3.098	8.192	5.431	14.742	14.709	8.858	13.391	21.561	5.115	8.166	5.463	13.622	13.791	8.636	9.85	7.119	1.161	30.476	1.782	1.236	1.104	10.784	7.132	1.328	31.493	2.185	1.43	1.3	12.078	8.206	2.279	31.337	2.419	1.795	1.203
26.1742	12.683	21.793	3.226	7.662	5.324	13.914	13.613	8.116	13.144	21.642	3.196	8.291	5.234	14.479	14.807	8.365	12.437	21.034	5.017	8.791	5.299	13.885	13.857	8.932	10.409	7.119	1.26	31.956	1.847	1.368	1.071	10.784	7.395	1.591	32.743	2.35	1.463	1.3	11.716	8.502	2.378	31.041	2.617	1.729	1.433
26.34082	13.158	22.031	3.085	7.748	5.215	14.193	13.465	8.562	12.731	21.915	3.154	8.212	5.486	13.869	14.986	8.778	13.239	22.128	4.774	8.645	5.616	13.933	13.346	9.212	10.492	7.204	1.382	31.102	1.638	1.391	1.094	11.095	7.512	1.352	30.574	2.175	1.552	1.258	12.452	8.882	2.368	29.629	2.672	1.719	1.325
26.50756	12.874	22.607	3.256	8.315	5.518	14.04	14.199	8.671	13.171	22.194	3.094	8.188	5.329	14.144	14.078	9.051	13.581	22.309	4.98	9.279	5.394	14.142	13.095	8.828	10.305	7.41	1.257	30.729	1.942	1.331	1.002	11.107	7.588	1.588	33.061	2.248	1.525	1.461	11.874	8.661	2.44	31.819	2.679	1.726	1.43
26.67423	12.25	22.475	3.091	7.493	5.321	14.04	13.509	8.572	13.039	22.621	3.094	7.794	5.428	14.538	14.176	8.426	13.45	22.506	4.914	8.359	5.558	14.142	13.785	8.631	10.239	7.574	1.388	32.307	1.975	1.364	1.101	11.469	7.489	1.325	31.68	2.28	1.525	1.461	12.104	9.056	2.276	30.636	2.613	1.627	1.199
26.84092	12.283	22.607	3.322	7.526	5.288	13.612	13.706	8.638	12.184	22.391	3.16	7.695	5.559	14.637	14.275	8.722	13.647	22.966	5.078	8.458	5.459	13.846	13.555	8.828	10.634	7.673	1.29	31.255	1.876	1.233	1.068	11.107	7.588	1.522	31.976	2.083	1.525	1.56	12.663	9.089	2.374	30.833	2.777	1.693	1.43
27.00749	11.727	22.762	3.142	7.407	5.402	13.551	13.481	8.088	12.746	22.057	3.177	8.068	5.113	13.753	14.147	8.698	12.496	22.497	5.091	8.533	5.244	13.948	13.033	8.737	10.673	7.453	1.341	32.089	1.758	1.348	1.15	10.979	7.792	1.605	32.218	2.067	1.641	1.576	12.728	9.031	2.556	31.077	2.661	1.611	1.61
27.17415	12.232	22.943	3.246	7.415	5.376	13.267	12.835	8.13	12.068	22.466	2.888	8.208	5.219	14.06	14.191	8.248	13.133	22.481	4.869	8.476	5.35	13.401	13.012	8.747	10.585	7.659	1.544	31.42	1.93	1.355	1.157	11.352	7.868	1.71	31.845	2.468	1.549	1.353	12.511	8.975	2.463	30.309	2.701	1.683	1.453
27.34091	12.348	22.804	3.124	7.756	5.189	13.382	13.081	7.914	12.48	23.049	3.193	7.892	5.428	14.67	14.604	8.886	13.351	22.539	4.98	8.49	5.459	14.142	13.161	8.828	10.897	7.673	1.454	30.565	2.041	1.562	1.199	11.567	7.916	1.719	32.074	2.379	1.624	1.494	12.466	9.155	2.539	32.148	2.876	1.496	1.364
27.50762	12.895	22.951	3.217	7.584	5.051	13.568	13.136	7.938	12.961	22.77	2.891	7.916	5.42	13.77	14.0	8.252	12.779	22.719	4.807	8.58	5.781	13.309	13.346	8.358	10.327	7.861	1.547	32.614	1.868	1.456	1.193	11.916	8.07	1.582	32.907	2.241	1.65	1.586	13.307	9.473	2.565	33.605	2.803	1.884	1.522
27.67425	12.213	22.72	3.237	7.305	5.366	13.874	12.918	8.018	13.199	22.87	3.272	7.899	5.536	13.583	14.075	8.956	13.146	22.489	5.087	8.528	5.536	14.435	12.896	8.633	10.404	7.744	1.436	31.552	1.819	1.476	1.147	11.826	8.247	1.766	32.207	2.425	1.605	1.475	13.181	9.748	2.421	31.362	2.789	1.706	1.509
27.84092	11.888	22.87	3.157	7.526	5.156	13.777	13.377	8.145	11.757	23.936	3.062	7.695	5.132	14.341	13.749	8.755	13.088	23.525	4.914	8.293	5.163	14.175	13.391	8.96	10.733	8.068	1.553	32.537	2.041	1.397	1.166	12.027	8.64	1.785	32.042	2.248	1.657	1.658	11.808	9.779	2.572	30.504	2.876	1.989	1.462
28.00769	11.969	23.074	3.246	7.284	5.146	13.595	12.934	8.459	12.364	23.813	3.15	7.715	5.022	14.849	13.731	8.708	12.838	22.645	5.165	8.378	5.678	12.613	13.045	8.911	11.176	8.25	1.577	31.092	2.225	1.552	1.288	11.812	8.427	1.874	31.944	2.271	1.647	1.55	13.103	9.632	2.759	31.393	2.865	1.88	1.716
28.17429	12.264	23.501	3.148	7.514	5.08	14.187	13.032	8.163	13.546	23.616	3.183	7.814	5.022	13.403	13.272	7.952	12.739	23.039	5.0	8.969	5.383	13.631	13.735	8.649	11.012	8.349	1.577	32.176	1.963	1.65	1.157	11.45	8.558	1.907	32.897	2.369	1.713	1.583	12.84	9.566	2.661	30.309	2.898	1.979	1.518
28.34097	12.698	22.951	3.118	7.025	5.182	14.193	12.939	7.806	12.567	23.0	2.989	7.719	5.42	13.606	13.277	8.318	13.469	23.048	5.103	8.35	4.86	12.848	12.952	8.719	11.379	8.65	1.58	30.807	2.032	1.456	1.357	11.719	8.662	1.779	31.954	2.471	1.65	1.586	13.405	9.67	2.762	32.061	2.967	1.982	1.653
28.50769	11.643	22.834	3.198	7.198	4.932	13.534	13.465	7.779	12.137	23.444	3.265	8.186	5.004	14.326	13.44	8.487	12.935	23.456	5.177	7.469	5.266	13.602	13.311	8.591	10.656	8.752	1.562	32.253	2.008	1.568	1.239	12.011	8.827	1.793	32.153	2.517	1.795	1.534	13.2	9.344	2.71	29.667	3.044	1.962	1.535
28.67447	12.154	23.451	3.076	7.506	4.844	13.124	13.646	8.351	12.844	23.961	3.275	7.805	5.212	13.424	13.26	8.731	13.218	23.121	4.894	8.467	5.08	13.587	13.46	8.54	11.099	8.339	1.571	31.957	2.152	1.545	1.183	12.489	9.007	1.967	32.481	2.231	1.641	1.773	13.023	9.753	2.753	30.091	3.186	2.005	1.709
28.8411	11.41	23.666	3.115	7.382	4.686	13.168	12.868	8.229	11.936	23.616	3.183	8.011	5.088	13.699	13.042	8.346	12.871	23.532	4.902	8.772	5.284	13.336	13.045	8.32	10.815	8.743	1.478	31.88	2.061	1.683	1.452	12.239	9.018	1.809	32.207	2.435	1.746	1.747	13.497	9.928	2.923	31.196	2.865	2.11	1.617
29.00778	12.644	23.823	3.223	7.23	5.058	13.152	13.311	8.046	12.349	23.936	3.16	8.287	5.132	13.223	12.828	8.064	13.088	23.525	5.308	8.359	4.802	14.175	12.766	8.269	11.423	8.889	1.849	32.504	2.238	1.693	1.396	12.554	9.034	1.917	34.113	2.544	1.854	1.56	13.715	10.141	2.933	32.378	3.106	1.891	1.627
29.17444	11.398	24.206	3.142	7.276	4.942	12.763	13.646	7.825	12.746	23.895	3.078	7.575	4.982	14.016	13.162	8.435	13.645	23.679	5.255	8.336	5.244	14.047	13.328	8.934	11.296	8.668	1.636	31.892	1.922	1.644	1.446	12.292	9.303	1.999	33.499	2.461	1.739	1.773	13.516	10.311	2.851	32.719	3.154	2.071	1.61
29.34118	10.917	24.421	3.148	6.988	4.982	13.07	13.788	8.525	12.462	25.094	3.052	7.091	5.384	13.436	12.352	8.215	12.739	23.894	5.263	8.049	4.758	13.007	13.045	9.043	11.308	9.236	1.774	31.913	2.127	1.486	1.485	12.633	8.919	2.006	32.404	2.435	1.746	1.681	13.234	10.585	3.219	32.51	3.26	2.012	1.617
29.50792	11.876	23.51	3.019	7.518	4.854	13.305	13.761	7.938	11.975	24.281	3.187	8.081	4.993	13.015	13.277	8.417	12.516	24.297	5.103	8.547	4.992	13.933	13.543	8.654	11.313	9.143	1.645	31.398	2.032	1.752	1.357	12.935	9.516	2.009	34.978	2.34	1.848	1.783	14.687	10.426	3.058	32.225	3.066	2.081	1.62
29.67455	11.664	24.227	3.358	7.3	4.601	13.059	12.988	7.623	11.335	24.043	3.163	7.601	4.839	12.867	13.262	8.233	12.338	24.224	5.115	7.969	4.97	12.931	13.167	8.866	11.198	9.19	1.884	32.022	2.242	1.664	1.498	13.152	9.467	1.986	33.729	2.547	1.956	1.892	14.018	10.212	2.97	33.178	3.274	2.091	1.729
29.84115	11.661	23.977	3.142	7.506	4.778	12.96	13.35	7.924	12.056	24.684	3.177	7.772	4.785	13.687	13.227	7.844	12.496	24.566	5.091	8.566	4.981	13.324	13.066	8.441	11.756	9.62	1.735	33.074	2.152	1.644	1.38	12.719	9.532	2.098	33.302	2.428	1.903	1.773	13.746	10.607	3.147	33.802	3.252	2.071	1.61
30.00784	11.138	24.128	3.226	7.135	5.061	12.5	13.678	7.952	12.256	24.964	3.196	7.403	5.103	13.328	13.459	8.266	12.47	24.75	5.576	8.1	4.772	13.161	13.364	8.833	11.494	9.453	1.786	32.713	2.143	1.795	1.498	13.546	9.467	2.084	34.321	2.547	2.055	1.892	14.577	10.442	3.266	33.047	3.209	2.091	1.827
30.17452	11.008	23.687	3.245	7.983	4.785	13.092	13.118	8.079	12.193	24.685	3.282	7.626	5.125	12.869	13.296	8.36	12.938	24.606	5.305	8.523	4.926	13.36	13.136	8.6	11.561	9.418	1.969	33.701	2.201	1.782	1.518	12.4	9.764	2.104	32.15	2.765	1.943	1.912	14.522	10.178	3.088	33.046	3.231	2.013	1.65
30.34138	11.149	23.916	3.232	7.407	4.805	12.708	13.689	7.731	11.873	24.75	3.4	7.412	4.912	13.142	13.372	7.98	12.055	24.933	5.124	7.814	4.78	13.535	13.211	8.152	12.295	9.661	1.858	34.149	2.086	1.868	1.373	13.132	9.774	2.091	35.166	2.488	2.028	1.866	14.592	10.815	3.174	33.858	3.183	2.098	1.768
30.50786	11.101	24.304	3.143	7.122	5.012	12.395	14.002	7.679	12.187	25.401	3.476	7.72	5.121	13.686	12.599	8.257	12.272	25.355	5.301	8.518	5.416	12.959	13.822	8.2	11.753	9.578	1.801	32.01	2.164	1.812	1.515	13.942	9.791	2.133	32.929	2.564	1.841	2.073	15.107	10.831	3.151	33.134	3.128	2.141	1.943
30.67447	10.967	24.81	3.157	7.329	4.992	11.936	13.18	7.651	11.954	25.054	3.094	7.728	4.934	13.618	13.387	7.801	11.97	25.136	5.407	8.688	5.262	12.761	13.095	8.072	11.982	9.481	1.881	31.945	2.139	1.858	1.561	13.244	9.725	2.081	34.409	2.675	2.018	2.086	14.866	10.733	3.229	34.285	3.073	2.219	1.758
30.84127	11.149	24.376	3.002	7.242	5.002	12.247	13.591	7.567	12.268	24.652	3.071	7.51	5.241	13.241	12.977	7.651	11.759	24.67	5.321	7.484	4.911	12.942	13.474	8.448	12.295	9.891	1.956	33.261	2.152	1.901	1.472	13.461	9.84	2.222	33.587	2.751	1.93	1.898	14.822	10.716	3.042	33.891	3.315	2.328	2.032
31.008	10.903	24.205	3.143	7.32	5.012	13.119	13.508	7.317	11.759	25.5	3.213	7.424	4.726	12.764	12.928	7.895	12.009	24.762	5.333	8.025	5.119	13.782	13.492	8.398	12.148	10.17	1.867	33.195	2.197	1.812	1.614	13.777	10.154	2.133	34.279	2.465	2.137	1.875	15.206	10.93	3.25	32.805	3.194	2.405	1.778
31.1747	11.715	25.504	3.236	6.851	5.104	13.108	13.728	7.439	12.077	25.779	3.107	7.416	5.048	12.687	12.884	8.182	11.404	25.172	5.523	7.884	4.816	12.981	13.908	7.729	11.906	9.995	1.894	34.128	2.09	1.904	1.673	13.467	10.241	2.226	34.191	2.886	2.032	2.0	14.796	10.919	3.473	32.717	3.417	2.332	1.936
31.34136	10.875	25.641	3.095	6.807	4.995	12.335	13.81	7.656	12.092	25.852	2.999	7.272	4.905	13.525	13.459	7.609	11.779	24.652	5.609	7.509	5.101	13.424	13.397	8.636	12.284	9.947	2.082	35.212	2.538	1.992	1.597	13.744	10.026	2.314	33.828	2.744	1.923	2.155	15.07	11.034	3.233	32.849	3.472	2.289	2.123
31.50808	11.066	25.007	3.322	7.099	4.992	12.593	13.607	7.717	11.823	25.876	3.094	7.695	5.099	13.158	13.19	7.801	11.444	25.333	5.308	7.8	5.295	13.32	13.391	8.664	12.574	9.843	1.947	33.228	2.435	1.989	1.659	14.46	10.547	2.311	33.521	2.774	1.953	1.987	15.622	10.535	3.525	33.562	3.271	2.318	2.021
31.67464	10.95	24.323	3.411	6.758	4.85	12.314	13.459	7.44	12.331	24.996	3.183	7.814	5.022	12.615	13.731	7.591	12.575	25.306	5.362	8.246	4.791	13.303	14.129	8.451	13.049	10.353	1.938	34.968	2.16	1.979	1.682	14.44	10.332	2.17	33.521	2.829	2.041	2.174	15.435	11.209	3.515	34.087	3.49	2.176	1.946
31.84137	10.589	25.637	3.082	6.988	4.982	11.723	13.558	7.835	11.115	25.62	3.249	7.518	5.186	12.286	13.337	7.788	11.852	25.438	5.625	7.589	4.89	13.5	13.57	8.616	12.885	10.452	2.069	34.147	2.16	2.143	1.781	14.276	10.135	2.367	35.393	2.763	2.239	2.076	15.501	11.012	3.876	32.214	3.391	2.275	2.143
32.00803	10.014	25.336	3.124	6.704	5.156	12.889	13.673	7.191	11.56	26.336	3.16	7.399	5.099	12.862	13.387	7.867	11.97	25.432	5.637	7.668	5.098	13.419	13.785	8.828	12.475	10.205	1.947	33.721	2.271	1.858	1.659	14.263	10.152	2.18	34.639	2.839	2.018	2.152	15.556	11.193	3.624	33.233	3.665	2.318	2.021
32.17468	10.639	25.73	3.124	6.31	4.959	12.166	13.673	7.52	11.625	25.679	3.193	7.531	4.803	12.434	13.552	7.44	11.937	25.235	5.407	8.49	4.966	13.32	13.785	8.368	13.198	10.172	2.177	33.425	2.468	2.055	1.692	14.165	10.711	2.278	33.159	2.774	2.117	2.086	15.326	11.094	3.525	33.167	3.271	2.285	1.956
32.34138	11.682	25.57	3.367	6.719	5.104	11.562	13.892	7.143	10.694	25.548	3.173	7.449	5.048	13.345	13.378	7.984	11.897	25.567	5.588	7.357	4.981	12.751	13.875	8.256	12.893	10.588	2.091	33.568	2.287	1.904	1.673	13.928	10.537	2.423	34.158	2.689	2.262	2.165	15.454	11.248	3.835	34.33	3.713	2.431	2.134
32.508	11.132	25.73	3.091	6.474	5.156	11.212	13.87	7.191	11.658	26.27	3.193	7.498	5.0	13.848	13.256	7.111	11.773	25.432	5.604	7.274	5.065	12.958	13.753	8.138	12.607	10.402	1.98	33.918	2.238	2.153	1.692	13.902	10.612	2.311	33.422	2.839	2.216	2.25	15.918	10.93	3.985	33.43	3.468	2.318	2.219
32.67482	10.743	26.2	3.16	6.576	5.291	11.776	14.139	7.327	11.138	25.326	3.098	6.877	5.004	13.13	13.788	7.346	11.977	26.559	5.642	6.982	5.068	13.03	14.055	8.274	13.369	10.67	2.148	33.14	2.439	2.058	1.761	14.697	10.717	2.314	34.552	2.58	2.318	2.352	16.813	11.231	3.825	32.882	3.504	2.289	2.156
32.84156	10.842	25.97	2.897	6.379	5.16	12.072	13.81	7.294	11.368	26.378	3.065	7.009	5.234	12.144	13.919	7.115	11.648	25.836	5.74	7.377	5.068	12.569	14.153	7.912	13.27	10.374	2.148	33.6	2.472	1.992	1.761	14.467	10.52	2.413	35.407	2.678	2.219	2.484	15.629	11.494	3.726	34.888	3.669	2.42	2.255
33.00817	10.03	25.801	3.148	6.265	5.475	12.018	13.952	6.915	11.509	25.949	3.249	7.058	5.022	12.483	13.666	7.328	12.016	26.095	5.46	7.458	5.185	12.35	13.472	7.893	13.969	10.55	2.135	33.457	2.521	2.176	1.65	14.079	10.891	2.499	33.291	2.763	2.206	2.273	15.534	11.472	4.073	33.2	3.588	2.373	2.044
33.17474	9.707	26.632	3.118	6.663	5.314	11.235	14.221	7.018	11.449	25.924	2.989	7.095	5.223	12.587	14.066	7.497	11.859	25.907	5.727	7.331	5.485	12.454	14.135	7.602	13.153	10.884	2.237	33.6	2.427	2.081	1.85	14.743	10.995	2.502	33.729	2.767	2.242	2.342	16.034	11.116	3.814	32.258	3.362	2.475	2.245
33.34152	10.31	26.059	3.256	6.375	5.518	10.686	14.495	6.665	11.329	26.336	3.094	7.169	5.23	12.434	13.848	7.308	11.641	26.254	5.802	7.373	5.459	12.432	13.785	8.039	12.804	11.191	2.144	33.819	2.271	2.055	1.955	14.888	10.316	2.476	34.047	2.741	2.446	2.152	16.049	11.292	3.92	35.37	3.665	2.417	2.12
33.5082	10.629	26.393	3.137	6.39	5.4	11.265	14.156	7.045	11.484	26.009	3.305	6.593	5.443	13.246	13.575	7.622	11.009	26.39	5.753	7.259	5.375	12.257	13.777	8.157	13.321	11.015	2.289	33.14	2.353	2.167	1.804	14.685	11.129	2.522	34.092	2.853	2.361	2.362	15.849	11.511	4.0	33.507	3.713	2.431	2.331
33.67474	10.327	26.91	3.167	6.617	5.528	11.063	13.985	7.205	11.38	26.988	3.17	6.918	5.143	12.023	14.03	7.519	10.805	26.446	5.847	6.892	5.47	12.745	14.165	8.054	13.874	10.878	2.483	34.116	2.645	2.098	1.966	14.777	10.827	2.617	34.147	2.751	2.423	2.195	16.434	11.604	3.996	35.141	3.512	2.394	2.262
33.84146	10.513	26.397	3.029	6.511	5.784	10.625	14.402	6.834	11.138	26.772	3.163	6.713	5.398	12.835	14.215	7.641	11.154	26.362	5.707	7.344	5.397	12.273	13.989	7.847	13.698	10.604	2.345	34.423	2.439	2.19	2.057	14.763	10.947	2.512	35.012	2.876	2.252	2.254	16.583	11.429	3.825	34.23	3.8	2.42	2.354
34.00817	10.737	26.684	3.091	6.211	5.584	10.785	14.133	6.829	10.869	26.862	3.357	6.807	5.559	12.007	13.585	7.801	11.674	26.418	5.736	7.241	5.394	12.202	14.279	7.644	13.56	11.585	2.342	34.904	2.435	2.153	1.988	14.954	11.106	2.508	35.001	2.971	2.216	2.447	16.148	12.278	4.183	35.403	3.862	2.778	2.613
34.17486	9.669	27.14	3.167	6.683	5.824	10.8	13.821	7.007	10.689	27.119	3.17	6.885	5.768	12.319	13.668	7.453	11.858	26.479	5.716	7.386	5.306	12.975	14.198	7.56	13.611	11.569	2.549	35.367	2.382	2.164	2.064	15.468	11.222	2.584	34.344	2.981	2.226	2.458	16.368	11.999	4.029	34.648	3.808	2.723	2.459
34.34156	10.315	26.899	3.24	6.192	5.862	10.202	14.499	6.578	11.005	26.293	3.177	6.459	5.475	12.472	13.884	7.68	11.314	27.357	5.583	7.055	5.375	12.832	15.036	7.62	13.726	11.229	2.326	32.975	2.414	2.169	1.873	15.05	11.076	2.689	34.287	2.855	2.297	2.365	17.062	11.723	4.197	32.981	3.975	2.498	2.3
34.5082	10.298	26.51	3.198	6.378	5.982	10.811	14.351	6.893	11.185	27.218	3.134	6.545	5.595	12.16	13.538	7.01	12.017	26.738	5.8	7.337	5.594	12.388	14.426	7.508	14.003	11.049	2.415	33.336	2.336	2.257	1.961	14.833	11.616	2.745	34.45	2.943	2.222	2.551	16.35	11.641	4.154	34.786	3.865	2.553	2.487
34.67496	10.327	26.383	3.265	6.09	5.989	10.076	14.512	7.665	11.182	26.593	3.4	6.819	5.571	11.234	14.392	7.552	11.101	27.433	5.65	7.287	5.635	11.857	14.922	7.922	13.907	11.569	2.351	33.524	2.448	2.295	1.998	15.205	11.222	2.782	35.43	2.883	2.456	2.556	16.993	11.9	4.325	34.417	3.611	2.888	2.459
34.84169	9.477	26.993	3.348	6.072	6.004	10.118	15.009	6.788	11.219	27.042	3.154	6.799	5.716	11.897	14.066	7.299	10.643	26.925	5.596	7.265	5.879	12.816	14.365	7.733	14.534	11.279	2.467	34.29	2.624	2.541	2.08	15.236	11.488	2.699	36.161	2.931	2.505	2.572	16.133	12.168	4.471	32.817	3.658	2.705	2.409
35.00826	9.15	27.035	3.198	6.247	6.212	10.155	14.253	6.86	11.415	26.792	3.036	6.578	5.726	11.34	13.965	7.076	10.737	27.263	5.702	6.944	5.561	12.979	14.131	7.475	14.627	11.508	2.448	35.305	2.5	2.159	2.06	15.817	11.649	2.777	34.319	2.746	2.517	2.354	16.448	11.707	4.482	34.721	3.963	2.684	2.421
35.17509	9.099	27.121	3.259	6.215	6.048	9.672	14.435	6.998	10.678	27.299	3.163	6.515	5.925	11.815	14.281	7.214	10.76	27.118	5.707	7.081	5.891	12.668	14.614	7.847	14.158	11.657	2.608	34.324	2.374	2.354	2.288	16.243	11.703	2.709	36.558	2.942	2.548	2.681	17.372	11.758	4.515	35.809	3.866	2.617	2.518
35.34167	9.702	27.05	3.411	6.66	6.132	9.981	14.215	6.915	10.655	28.347	3.249	6.598	5.909	11.399	14.454	7.295	10.834	27.507	5.822	7.162	6.171	12.81	14.26	7.4	14.067	11.832	2.661	34.18	2.521	2.373	2.175	15.557	11.548	2.86	34.868	2.829	2.6	2.667	17.045	12.031	4.599	35.566	3.752	2.57	2.438
35.50836	9.833	27.502	3.232	6.09	6.417	9.714	14.775	7.04	10.261	27.415	3.269	6.49	6.261	11.629	14.128	7.552	10.279	27.433	6.012	7.287	5.997	12.251	14.462	7.527	14.006	11.602	2.45	36.518	2.448	2.394	2.163	15.698	11.485	3.176	30.692	2.981	2.654	2.655	16.895	12.164	4.391	32.476	3.907	2.888	2.525
35.67502	9.636	27.181	3.148	5.937	6.526	9.686	14.905	6.98	10.195	27.657	3.249	6.697	6.238	11.629	14.06	7.295	10.439	27.606	5.887	7.129	6.105	11.792	14.556	7.236	14.363	11.634	2.562	33.983	2.521	2.34	2.142	15.557	11.581	2.794	27.804	2.829	2.534	2.47	16.782	11.965	4.566	29.849	3.752	2.866	2.504
35.8418	9.264	27.425	3.109	6.061	6.387	9.972	15.09	6.906	10.841	27.803	3.078	6.886	6.131	11.388	14.377	7.22	10.657	27.291	5.813	7.121	6.59	12.208	14.346	7.916	14.712	11.656	2.589	33.829	2.447	2.366	2.168	15.641	11.733	3.149	26.241	2.822	2.692	2.562	16.767	11.855	4.592	25.954	3.942	2.596	2.727
36.0084	9.609	27.191	3.25	5.941	6.53	9.756	15.206	6.722	11.022	27.765	3.351	6.471	6.34	11.207	14.099	7.201	10.281	27.616	5.826	7.134	6.504	11.928	14.069	7.438	14.435	11.969	2.598	32.581	2.525	2.377	2.146	15.926	11.751	2.896	23.542	2.865	2.538	2.769	16.79	12.233	4.866	24.897	3.789	2.771	2.705
36.17511	9.438	27.93	3.463	5.86	6.844	9.714	14.775	6.843	10.458	27.81	3.367	6.194	6.426	10.74	14.293	7.058	10.476	28.453	5.913	7.09	6.326	12.35	14.823	7.461	14.697	11.898	2.713	29.28	2.744	2.559	2.262	15.896	11.584	3.078	24.638	3.047	2.654	2.853	16.993	12.361	4.786	24.448	4.17	3.052	2.821
36.34167	9.001	26.965	3.306	5.962	6.913	9.676	14.828	6.906	10.217	27.803	3.275	6.59	6.295	10.797	13.95	7.122	9.77	27.981	5.912	6.628	6.393	11.682	14.445	7.325	15.434	11.952	2.654	26.999	2.611	2.432	2.267	16.003	11.568	3.05	23.319	2.954	2.593	2.759	17.128	12.118	4.953	24.772	4.04	2.76	2.53
36.50848	9.193	27.316	3.335	5.663	7.04	10.263	15.511	6.475	10.212	28.385	3.272	6.291	6.554	10.464	14.338	7.413	9.633	27.741	6.006	6.952	6.553	12.399	15.161	7.419	15.198	12.045	2.684	24.822	2.607	2.56	2.362	16.127	11.956	3.08	23.606	3.016	2.622	2.624	17.022	12.013	4.752	22.727	4.036	2.757	2.625
36.67513	8.996	27.546	3.401	5.959	7.139	9.869	14.92	6.705	10.376	28.024	3.173	6.553	6.653	10.759	14.436	7.183	9.961	27.544	6.072	6.919	6.553	11.217	14.143	7.189	14.607	12.012	2.651	23.279	2.738	2.461	2.428	16.488	12.12	2.948	22.49	3.016	2.787	2.722	17.317	12.243	4.883	22.53	3.971	3.118	2.691
36.84178	8.815	27.674	3.213	5.871	6.92	9.062	14.708	6.455	10.129	28.216	3.183	6.499	6.928	10.052	14.553	6.999	9.651	28.099	5.92	6.735	6.762	10.937	14.983	7.794	14.659	12.062	2.694	23.7	2.62	2.472	2.372	15.853	12.04	2.991	22.219	3.059	2.698	2.766	16.881	12.063	4.895	22.72	3.982	3.227	2.635
37.00855	7.998	28.472	3.348	6.072	7.318	9.263	14.615	6.919	10.299	27.83	3.187	6.471	6.965	10.287	14.559	7.004	9.492	27.583	6.023	6.871	7.095	11.107	14.562	7.438	15.125	12.33	2.993	22.92	2.46	2.574	2.277	16.156	12.079	3.356	21.932	3.03	2.735	2.769	18.335	11.938	5.194	23.057	4.348	2.968	2.738
37.17519	7.877	27.933	3.223	6.112	7.458	9.601	14.922	6.501	10.146	28.046	3.259	6.413	7.236	10.199	14.505	7.604	10.458	27.701	5.933	6.649	6.906	11.117	14.969	7.217	14.842	12.473	2.769	21.885	2.665	2.647	2.481	16.236	12.552	2.969	22.08	2.971	2.84	2.941	17.562	12.442	5.103	23.14	4.158	3.074	2.613
37.34187	8.191	28.068	3.509	5.838	7.413	10.047	14.905	6.718	10.458	28.413	3.249	6.499	7.059	10.446	14.651	7.623	9.257	28.099	5.986	6.669	7.288	11.496	14.523	7.433	14.757	11.963	2.792	21.663	2.455	2.833	2.438	16.674	12.238	2.991	22.121	2.862	2.797	2.766	17.374	12.425	5.19	22.26	4.048	3.03	2.8
37.50853	7.966	27.848	3.447	5.875	7.516	9.789	14.812	6.886	10.431	28.422	3.187	6.471	7.228	10.386	14.46	7.036	9.46	29.029	6.023	6.772	7.259	11.238	15.186	7.109	15.355	12.462	2.795	21.671	2.525	2.837	2.442	16.254	12.244	3.192	21.669	3.063	2.801	2.835	17.94	12.168	5.063	21.677	4.413	2.968	2.803
37.67526	8.304	28.097	3.453	5.948	7.425	9.897	15.678	6.928	9.423	28.079	3.193	6.61	7.269	9.87	14.604	7.144	9.406	28.818	6.032	6.781	7.005	11.051	15.298	7.25	15.138	12.67	2.802	21.885	2.632	2.647	2.481	16.565	12.355	3.1	21.85	2.872	2.808	3.138	17.397	12.344	5.103	23.172	3.961	2.943	2.646
37.84184	7.93	28.17	3.367	5.897	7.539	10.311	14.978	6.913	9.674	28.839	3.173	6.231	7.187	9.988	14.398	7.128	9.298	28.397	6.148	6.798	7.218	10.776	14.731	7.762	14.967	12.562	2.98	22.215	2.583	2.792	2.594	16.66	12.018	3.279	21.916	3.084	2.822	2.856	17.988	12.202	5.086	23.009	4.108	3.155	3.055
38.00869	8.193	28.17	3.268	6.292	7.704	10.015	15.439	6.518	9.378	28.51	3.173	6.297	7.483	9.561	14.858	7.359	9.396	29.253	6.312	6.798	7.515	11.138	16.014	7.17	15.098	12.496	2.881	21.359	2.682	2.661	2.792	16.857	11.985	3.377	21.323	3.182	2.756	2.988	17.824	12.762	5.382	22.121	4.108	3.056	2.923
38.17533	7.748	28.63	3.237	6.09	7.959	10.099	15.216	6.705	9.424	28.385	3.141	6.258	7.244	9.84	14.633	7.905	8.747	28.464	5.907	6.821	7.67	10.626	14.636	7.025	15.69	12.406	3.176	20.948	2.804	2.658	2.625	16.751	12.12	3.244	21.406	2.95	2.885	3.051	17.744	12.637	5.441	22.629	4.069	3.052	2.789
38.34207	7.91	27.933	3.42	6.014	7.885	10.127	15.415	6.501	9.455	28.769	3.193	6.511	7.663	9.673	14.308	7.144	9.34	29.048	5.933	6.649	7.892	10.229	15.265	6.921	15.565	12.342	2.901	21.194	2.764	2.745	2.481	16.828	11.862	3.166	21.093	2.971	2.939	2.973	17.496	12.376	5.465	21.923	4.06	3.271	2.712
38.50866	7.44	28.374	3.447	6.105	8.074	10.611	15.568	6.788	9.412	28.225	3.252	6.503	7.753	9.761	14.362	7.529	9.032	28.043	6.089	6.674	7.687	11.238	15.482	7.799	15.355	12.823	2.993	21.277	2.723	2.738	2.836	17.667	12.145	3.356	20.946	3.03	3.031	3.065	18.433	12.628	5.621	20.888	4.183	3.165	3.033
38.67531	7.384	28.295	3.42	6.375	8.148	10.588	15.777	6.829	8.732	29.394	3.259	6.577	7.532	9.968	15.294	7.012	8.386	28.424	5.933	6.847	7.531	10.493	15.002	7.151	15.237	12.736	2.966	20.701	2.764	2.745	2.679	16.893	12.289	3.199	22.178	3.168	2.939	2.941	18.055	12.87	5.859	21.2	4.158	3.238	3.041
38.84195	7.443	28.019	3.395	5.951	8.148	9.958	16.09	6.565	9.019	28.826	3.167	6.381	7.957	9.765	15.146	7.207	8.341	28.641	6.096	6.714	7.694	10.058	15.411	7.18	15.578	12.624	3.038	20.637	2.632	2.848	2.65	16.834	12.305	3.368	22.374	3.009	2.911	3.011	17.794	12.232	5.598	21.857	4.029	3.045	3.077
39.00868	7.584	28.367	3.335	5.762	8.353	10.492	15.117	6.705	9.03	28.845	3.436	6.389	7.867	10.267	14.994	7.183	8.057	29.252	6.104	6.952	7.867	10.003	15.161	7.386	15.986	12.537	2.979	20.357	2.935	2.625	2.723	17.145	12.711	3.277	21.439	3.147	2.819	3.248	18.269	12.539	5.704	21.349	4.069	3.151	3.216
39.17534	7.41	28.413	3.395	6.279	8.115	9.925	15.795	6.565	8.986	28.924	3.167	6.151	7.826	10.027	14.949	7.076	8.506	29.166	6.063	6.517	8.055	10.387	15.312	7.278	15.119	13.214	3.137	20.473	2.796	2.913	2.617	17.163	12.403	3.434	21.784	3.107	3.009	3.043	18.089	12.199	5.696	21.529	4.127	3.504	3.012
39.34209	7.3	28.127	3.364	5.893	8.391	10.208	15.861	6.843	8.813	28.995	3.269	6.392	8.301	10.312	15.412	7.223	8.272	29.736	6.012	6.695	8.234	10.343	15.284	7.429	15.75	13.247	3.272	22.305	2.842	2.69	2.854	17.541	12.604	3.505	22.006	3.08	3.048	3.05	17.882	12.493	5.74	22.474	4.104	3.348	3.051
39.50875	7.102	28.456	3.232	6.123	8.72	9.911	15.96	6.415	8.715	28.929	3.203	6.523	8.17	10.378	15.247	7.223	8.206	29.671	6.209	6.859	8.201	10.541	16.008	7.165	15.783	12.787	3.108	21.153	2.744	2.756	2.854	17.442	12.768	3.374	20.789	3.245	3.048	3.346	18.474	12.756	6.365	21.849	4.367	3.282	3.315
39.67547	6.867	28.048	3.7	6.061	8.325	10.399	15.32	6.446	8.181	29.248	3.177	6.163	8.069	10.173	15.066	7.023	8.063	29.59	6.207	6.76	8.396	10.172	15.036	7.029	15.631	12.904	3.245	21.482	2.644	2.957	2.858	17.776	12.619	3.247	21.217	2.954	3.086	2.956	17.851	12.544	6.201	22.637	4.303	3.154	3.121
39.842	7.307	28.829	3.621	5.98	8.374	10.478	15.887	6.626	8.489	29.67	3.131	6.443	8.543	10.514	14.976	7.301	7.844	29.32	5.993	6.349	8.641	10.086	15.536	6.978	16.097	12.979	3.232	20.826	2.627	2.91	2.844	17.418	12.791	3.529	21.316	3.235	2.973	3.204	18.147	12.685	5.987	21.751	4.222	3.238	3.205
40.00875	7.144	28.472	3.611	6.006	8.403	10.775	15.765	6.295	8.426	29.178	3.088	6.273	8.345	10.55	15.019	7.135	8.047	28.799	6.122	6.937	8.114	10.22	15.975	7.306	15.815	13.25	3.387	20.389	2.821	3.067	2.934	18.259	12.77	3.553	21.669	3.325	3.326	3.262	17.677	12.956	6.443	22.564	4.183	3.33	3.132
40.1755	6.783	29.031	3.545	6.105	8.699	10.906	15.634	6.591	8.525	28.981	3.351	6.372	8.673	10.287	15.019	7.102	8.539	29.094	6.023	6.477	8.508	10.022	16.107	7.109	15.914	13.152	3.453	21.178	2.755	2.968	2.836	17.109	12.54	3.586	20.65	3.26	3.129	3.262	18.203	12.858	6.344	21.972	4.15	3.33	3.296
40.34211	7.271	28.824	3.345	6.068	8.366	10.474	16.679	6.98	8.224	29.234	3.348	6.697	8.899	10.282	14.651	6.934	8.37	28.789	6.019	6.571	8.668	10.182	15.771	6.94	15.546	13.113	3.384	20.677	2.817	2.964	3.029	16.904	12.435	3.648	20.872	3.223	3.093	3.226	17.768	12.523	6.242	21.011	4.179	3.523	3.095
40.50885	7.482	28.689	3.322	6.014	8.576	10.818	16.698	6.994	8.305	29.657	3.259	6.478	8.748	10.199	15.196	6.947	8.156	28.654	6.13	6.781	8.813	10.032	15.462	7.414	16.059	13.328	3.394	20.636	2.764	2.975	2.975	18.274	13.045	3.659	20.469	3.135	3.136	3.368	18.219	12.837	6.517	20.937	4.553	3.37	3.336
40.67558	7.162	28.968	3.601	6.061	8.653	10.694	16.108	6.643	7.82	29.018	3.242	6.491	8.955	10.173	15.592	7.122	8.72	29.262	6.109	6.53	8.79	10.27	16.251	6.931	15.598	13.2	3.442	21.449	2.644	2.76	2.858	17.448	12.948	3.543	21.447	3.019	3.217	3.12	18.376	12.741	6.43	21.291	4.139	3.319	3.187
40.8421	7.473	29.589	3.348	6.105	8.961	10.775	15.831	6.656	8.098	28.981	3.351	6.142	8.772	10.912	15.939	7.234	9.164	28.733	6.122	6.674	8.607	10.417	16.107	7.01	16.308	13.513	3.486	20.981	2.755	3.034	3.066	17.864	12.967	3.488	20.289	3.325	3.031	3.525	19.288	12.924	6.837	21.381	4.315	3.034	3.329
41.00887	7.261	28.475	3.306	5.962	8.784	10.563	16.174	6.873	8.083	29.511	3.439	6.491	8.857	10.436	15.756	7.188	8.227	29.59	6.174	6.825	8.692	10.829	15.758	7.325	16.879	12.937	3.639	20.267	2.808	3.121	3.055	17.743	13.243	3.773	20.758	3.151	3.381	3.35	18.671	12.84	6.792	21.586	4.303	3.516	3.187
41.17554	7.238	29.185	3.641	6.101	8.891	10.704	16.449	6.553	8.487	29.464	3.249	6.467	8.899	10.775	15.473	7.032	8.632	29.511	6.117	6.538	8.898	10.379	16.494	7.499	16.006	13.343	3.482	20.611	3.047	3.129	3.062	17.857	12.96	3.681	20.084	3.158	3.421	3.324	18.425	12.72	6.702	21.866	4.245	3.425	3.424
41.34214	7.055	28.952	3.552	6.014	8.904	10.818	16.467	7.092	7.943	29.361	3.292	6.314	8.913	10.495	15.853	7.407	8.156	29.903	6.098	6.452	8.616	10.854	16.12	6.921	16.124	13.361	3.492	20.405	2.863	3.041	3.04	18.406	12.848	3.856	20.074	3.135	3.235	3.434	18.712	12.574	7.207	21.331	4.454	3.732	3.6
41.50899	6.975	28.824	3.443	5.937	8.793	10.671	17.008	6.718	7.83	29.464	3.282	6.467	9.162	10.446	16.031	6.901	8.534	29.511	6.019	6.932	9.128	10.51	16.1	7.039	16.367	13.343	3.482	19.823	2.718	2.964	3.161	17.758	13.026	3.78	20.839	2.862	3.224	3.456	19.115	12.72	7.194	21.504	4.344	3.326	3.391
41.67566	7.581	29.544	3.223	6.079	9.102	10.949	16.139	6.698	7.943	29.887	3.259	6.511	9.11	10.988	16.018	7.341	8.748	29.607	6.229	6.584	9.109	10.821	16.481	7.118	16.913	13.755	3.657	20.142	2.764	3.14	3.172	17.88	13.045	3.791	20.896	3.07	3.301	3.368	18.351	12.837	6.912	20.444	4.06	3.633	3.336
41.84221	7.191	29.456	3.423	6.182	8.909	11.053	17.0	6.702	8.31	29.601	3.295	6.219	9.016	10.894	15.531	7.214	8.655	29.256	6.102	7.081	9.212	11.32	16.324	6.827	16.592	13.334	3.693	19.624	2.768	3.176	3.241	17.986	12.986	3.761	20.082	3.237	3.304	3.437	19.214	12.678	6.949	21.339	4.36	3.538	3.735
42.00896	7.191	29.324	3.423	6.083	8.81	10.856	16.901	6.834	8.244	29.929	3.361	6.219	8.753	10.927	15.531	7.313	8.293	29.42	6.233	6.358	8.916	10.498	16.883	6.827	16.92	13.169	3.956	20.052	2.933	3.242	3.241	17.69	12.854	3.86	20.806	3.172	3.535	3.437	18.26	12.481	7.31	20.945	4.195	3.472	3.34
42.17563	7.252	28.952	3.519	6.079	9.167	10.818	17.026	6.468	8.107	29.591	3.456	6.413	8.88	10.79	15.787	7.341	8.288	29.607	6.229	6.682	9.24	10.657	16.481	7.316	16.618	13.328	3.591	19.616	2.863	3.271	3.336	17.88	13.045	4.152	20.008	3.365	3.301	3.467	19.14	13.133	7.372	20.509	4.257	3.765	3.501
42.34237	7.468	29.119	3.345	6.068	8.891	11.394	16.548	6.718	8.125	29.76	3.282	6.302	9.392	11.169	15.933	7.492	9.158	30.004	6.183	6.834	9.062	11.003	16.593	6.842	16.86	13.639	3.843	20.316	2.915	3.227	3.391	17.988	12.96	3.977	20.544	3.223	3.52	3.751	19.542	13.213	7.589	21.307	4.442	3.457	3.424
42.50906	7.256	29.155	3.401	5.959	8.846	11.083	17.251	7.066	7.979	29.403	3.535	6.291	9.378	10.464	15.684	7.315	8.517	29.252	6.17	6.755	9.18	10.364	16.737	7.32	16.544	13.686	3.636	20.456	2.738	3.052	3.38	17.736	12.941	3.933	20.257	3.114	3.476	3.74	18.795	12.834	7.444	20.987	4.398	3.512	3.38
42.6757	7.665	29.185	3.345	6.167	9.319	11.0	16.58	6.718	7.797	29.858	3.249	6.565	9.096	11.169	15.933	7.623	9.355	29.084	6.315	6.932	9.194	10.839	16.461	6.907	17.386	13.31	3.646	19.199	2.817	3.162	3.128	18.448	13.157	3.944	20.149	3.322	3.487	3.62	19.542	13.016	7.392	21.504	4.147	3.622	3.588
42.84237	7.369	29.021	3.608	5.97	9.319	11.099	17.27	6.915	7.83	29.365	3.479	6.138	9.359	10.676	16.294	7.492	9.027	29.413	6.38	6.735	9.522	11.003	16.166	6.907	16.696	13.211	3.975	20.808	2.915	3.26	3.391	18.284	13.355	4.141	20.281	3.322	3.487	3.653	18.589	13.082	7.589	21.011	4.541	3.654	3.523
43.00914	7.341	29.392	3.611	6.072	9.159	10.906	16.85	6.788	8.098	29.441	3.581	6.503	9.462	11.109	15.906	7.595	9.394	29.784	6.385	6.641	9.33	10.482	16.862	7.109	16.67	13.217	3.946	20.685	2.821	3.33	3.395	18.555	12.835	3.849	20.19	3.128	3.524	3.624	18.893	12.858	7.363	21.677	4.183	3.56	3.592
43.17572	7.553	28.699	3.719	6.083	9.402	11.349	17.329	7.097	8.145	30.193	3.394	6.384	9.476	10.894	16.221	7.872	8.589	29.716	6.201	6.752	9.541	11.024	16.718	7.255	17.183	13.663	4.055	19.361	2.933	3.143	3.471	18.874	13.545	3.959	20.181	3.237	3.6	3.536	19.05	13.204	7.869	20.287	4.458	3.867	3.702
43.34246	7.7	29.387	3.334	6.193	9.415	10.871	17.348	7.209	8.16	30.419	3.404	6.33	9.787	11.404	16.339	7.655	8.87	29.384	6.247	6.666	9.654	10.941	16.64	7.236	17.599	13.451	4.066	19.779	2.781	3.154	3.581	17.811	13.203	3.871	20.204	3.248	3.611	3.646	19.239	13.157	7.784	20.87	4.207	3.648	3.845
43.50911	7.502	29.486	3.466	6.127	9.349	10.969	17.019	7.439	8.062	30.156	3.667	6.494	9.194	10.745	16.175	7.951	9.166	29.648	6.345	6.765	9.522	10.513	16.738	7.236	17.237	13.549	4.0	19.45	2.781	3.352	3.516	18.437	12.808	4.068	20.336	3.347	3.644	3.843	18.383	13.124	7.686	20.738	4.009	3.549	3.647
43.67575	7.778	29.741	3.716	6.31	9.233	11.837	17.651	7.52	8.305	29.492	3.555	6.478	9.767	10.823	16.412	8.032	9.274	29.312	6.393	6.748	8.911	11.643	17.073	6.954	17.407	13.558	3.953	19.518	2.863	3.436	3.599	17.913	13.44	4.383	20.107	3.168	3.728	3.73	19.469	12.935	8.161	20.937	4.421	3.929	3.895
43.84241	8.107	29.544	3.223	6.31	9.529	10.949	17.487	7.224	8.009	29.755	3.456	6.709	9.472	11.218	16.642	7.801	9.044	30.298	6.393	6.847	9.339	11.446	16.975	6.954	17.374	13.722	4.347	20.044	2.928	3.37	3.698	18.702	13.275	3.889	20.304	3.431	3.597	3.828	19.206	13.198	7.799	20.246	4.454	3.863	3.928
44.00918	7.897	29.683	3.334	6.226	9.316	11.463	17.249	7.472	8.259	29.925	3.897	6.527	9.392	11.404	16.175	8.149	9.199	30.174	6.312	7.193	9.456	11.829	16.804	7.17	17.731	13.681	4.395	20.174	2.88	3.352	3.713	18.535	13.104	4.167	20.501	3.347	3.513	3.679	18.877	13.42	7.718	21.133	4.536	3.648	4.042
44.17574	8.32	29.377	3.529	6.321	9.608	11.524	17.045	7.238	8.024	29.685	3.598	6.589	10.012	11.3	16.464	7.848	8.864	29.671	6.242	7.057	9.32	11.429	17.127	6.869	17.23	13.478	4.259	19.739	2.777	3.381	3.512	17.935	13.065	4.361	19.999	3.376	3.443	3.642	19.165	13.348	7.911	21.158	4.367	3.677	3.71
44.34246	8.039	29.473	3.472	6.53	9.523	11.77	17.558	7.35	8.236	29.648	3.509	6.239	9.533	11.414	16.451	7.993	9.276	30.359	6.255	7.201	9.466	11.544	17.213	7.081	17.614	13.858	4.106	20.486	2.888	3.689	3.918	18.749	13.084	4.405	20.154	3.354	3.619	4.049	18.367	13.004	8.419	20.952	4.445	4.051	4.05
44.50919	7.841	29.177	3.374	6.299	9.621	11.144	17.558	7.482	8.368	30.241	3.509	6.601	9.632	11.612	16.649	7.664	9.309	30.261	6.222	7.103	9.564	10.852	17.213	6.949	17.844	13.792	4.205	20.355	2.888	3.557	3.721	18.518	13.084	3.977	19.759	3.288	3.816	3.884	19.289	13.366	8.583	20.59	4.478	3.853	3.82
